<?xml version="1.0"?>
<opencv_storage>
<Parameter>
  <Count>64</Count></Parameter>
<Path2D>
  621. 11. 6.00584106e+002 2.34158936e+001 5.77676636e+002
  3.43738174e+001 5.55553650e+002 4.68154411e+001 5.33232849e+002
  5.97671509e+001 5.12436890e+002 7.51723251e+001 4.92396393e+002
  9.17026978e+001 4.70660187e+002 1.05453079e+002 4.50176849e+002
  1.20911575e+002 4.29495148e+002 1.36336563e+002 4.07825867e+002
  1.50587067e+002 3.85897400e+002 1.64326950e+002 3.64432434e+002
  1.78540543e+002 3.43006836e+002 1.92993149e+002 3.22362396e+002
  2.08510086e+002 3.01378723e+002 2.23715942e+002 2.80945129e+002
  2.39054886e+002 2.60137177e+002 2.53931412e+002 2.39609161e+002
  2.69659027e+002 2.19319946e+002 2.84680054e+002 1.98493210e+002
  3.00004517e+002 1.77375610e+002 3.14936584e+002 1.56880859e+002
  3.30059570e+002 1.37367035e+002 3.45877655e+002 1.18407158e+002
  3.62592834e+002 9.95817032e+001 3.78418304e+002 8.17879028e+001
  3.96212097e+002 6.27798424e+001 4.13440308e+002 4.45993996e+001
  4.30267059e+002 2.56898289e+001 4.45620331e+002 7.19042063e+000 461.
  1.73523884e+001 4.44295227e+002 2.65251312e+001 4.20424591e+002
  3.34719238e+001 3.96112305e+002 4.77475777e+001 3.75252411e+002
  6.42492294e+001 3.55875397e+002 8.24522247e+001 3.38547760e+002
  1.01967010e+002 3.21516479e+002 1.22343124e+002 3.06794128e+002
  1.43107178e+002 2.92297607e+002 1.64706802e+002 2.78528809e+002
  1.86338318e+002 2.64661682e+002 2.07764481e+002 2.50823685e+002
  2.29483978e+002 2.37516022e+002 2.52035507e+002 2.26309662e+002
  2.74398071e+002 2.14601913e+002 2.98708313e+002 2.12569443e+002
  3.22059326e+002 2.23029663e+002 3.41727478e+002 2.38863739e+002
  3.57028839e+002 2.57028839e+002 3.74493073e+002 2.75246521e+002
  3.92007385e+002 2.92503693e+002 4.10658142e+002 3.09658142e+002
  4.30430237e+002 326. 449. 3.40782318e+002 4.71208984e+002
  3.53925385e+002 489. 3.70107727e+002 5.03077850e+002 3.88077850e+002
  5.22971375e+002 4.02971344e+002 5.42101685e+002 4.19050842e+002
  5.63120300e+002 4.32120270e+002 5.83107971e+002 446. 6.05915955e+002
  4.56277283e+002 626. 466.</Path2D>
</opencv_storage>
