<?xml version="1.0"?>
<opencv_storage>
<Parameter>
  <Count>64</Count></Parameter>
<Path2D>
  283. 9. 283. 3.05598049e+001 286. 5.17501259e+001 290. 7.32764816e+001
  291. 9.54038086e+001 2.96382477e+002 1.16764946e+002 304.
  1.37156326e+002 306. 1.59105118e+002 307. 1.81152924e+002
  3.06524384e+002 2.03329208e+002 3.03297363e+002 2.25107895e+002 300.
  2.46861237e+002 2.96545624e+002 2.68363159e+002 294. 2.90160156e+002
  294. 3.12370239e+002 294. 3.34580322e+002 294. 3.56790405e+002 292.
  3.78172058e+002 290. 3.99983795e+002 291. 4.21957825e+002 294.
  4.43103424e+002 294. 4.52686493e+002 288. 4.32605408e+002
  2.87176331e+002 4.10528992e+002 284. 3.88731934e+002 2.80416962e+002
  3.67250885e+002 276. 3.46044128e+002 273. 3.24394653e+002
  2.73811890e+002 3.02376221e+002 2.77771423e+002 2.81457153e+002
  2.85042908e+002 2.60957092e+002 2.95521881e+002 2.41956253e+002
  3.05372406e+002 2.22627609e+002 3.15625671e+002 2.03374313e+002
  3.28252838e+002 1.85747177e+002 3.42763794e+002 1.70236206e+002
  3.59018188e+002 1.55981827e+002 3.77072784e+002 1.44927231e+002
  3.96089172e+002 1.36910843e+002 4.15044922e+002 129. 4.35954437e+002
  125. 4.58164520e+002 125. 4.80374603e+002 125. 4.77651367e+002 124.
  4.55603546e+002 125. 4.34341644e+002 1.29329178e+002 4.13706329e+002
  136. 3.94750732e+002 1.44416428e+002 3.75396851e+002 1.53603149e+002
  3.59062897e+002 1.65468552e+002 3.44083252e+002 1.80916748e+002
  3.31338165e+002 1.97985474e+002 3.23460785e+002 2.18078415e+002
  3.16632324e+002 2.38367691e+002 313. 2.59503296e+002 312.
  2.81477325e+002 3.23728149e+002 2.99184418e+002 3.40705048e+002
  3.12705048e+002 3.60222626e+002 3.22055664e+002 3.80150299e+002 329.
  4.01946167e+002 330. 4.23993988e+002 329. 4.46204071e+002 329.
  4.67999939e+002 328.</Path2D>
</opencv_storage>
