<?xml version="1.0"?>
<opencv_storage>
<Parameter>
  <Count>64</Count></Parameter>
<Path2D>
  330. 117. 331. 1.31401718e+002 331. 1.46039505e+002 331.
  1.60677292e+002 328. 1.74072433e+002 3.23816803e+002 1.87366409e+002
  3.17953857e+002 1.99092270e+002 3.10296631e+002 2.10802246e+002
  3.00491333e+002 2.20754333e+002 2.89418549e+002 2.29790726e+002
  2.78445404e+002 2.39277298e+002 2.66465942e+002 2.47267029e+002
  2.54085449e+002 254. 2.41316422e+002 2.59841797e+002 2.28011703e+002
  2.63988312e+002 2.13777100e+002 266. 1.99734558e+002 269.
  1.85421326e+002 271. 1.71019608e+002 272. 1.56617889e+002 273.
  1.41980103e+002 273. 1.27342316e+002 273. 1.12866806e+002 272.
  9.83912964e+001 271. 8.37535095e+001 271. 6.91157227e+001 271.
  5.44779358e+001 271. 5.39237823e+001 270. 6.85615692e+001 270.
  8.31993561e+001 270. 9.75125885e+001 268. 1.11825821e+002 266.
  1.26139053e+002 264. 1.40452286e+002 262. 1.55090073e+002 262.
  1.69565582e+002 261. 1.84203369e+002 261. 1.98841156e+002 261.
  2.13478943e+002 261. 2.28116730e+002 261. 2.42754517e+002 261.
  2.57392303e+002 261. 2.72030090e+002 261. 2.86667877e+002 261.
  3.01289978e+002 2.60903351e+002 3.15781158e+002 260. 3.30418945e+002
  260. 3.45056732e+002 260. 3.59694519e+002 260. 3.74332306e+002 260.
  3.88970093e+002 260. 4.03508850e+002 261. 4.18146637e+002 261.
  4.32622131e+002 262. 4.47259918e+002 262. 4.61897705e+002 262.
  4.76535492e+002 262. 4.91173279e+002 262. 5.05811066e+002 262.
  5.20448853e+002 262. 5.35086609e+002 262. 5.49724365e+002 262.
  5.64362122e+002 262. 5.77999878e+002 263.</Path2D>
</opencv_storage>
