<?xml version="1.0"?>
<opencv_storage>
<Parameter>
  <Count>64</Count></Parameter>
<Path2D>
  242. 113. 248. 1.30598312e+002 249. 1.51617416e+002 249.
  1.72872589e+002 249. 1.94127762e+002 2.52814957e+002 2.14629929e+002
  2.64418427e+002 230. 2.85511322e+002 231. 3.05112244e+002
  2.25943878e+002 3.22620300e+002 2.14689850e+002 3.37677643e+002
  2.00322372e+002 3.49265015e+002 1.83469955e+002 3.59505493e+002
  1.65494492e+002 3.66957489e+002 1.47127563e+002 372. 1.27520271e+002
  379. 1.08986450e+002 3.75433960e+002 1.13698158e+002 368.
  1.32636368e+002 360. 1.51112274e+002 3.50813721e+002 1.69186264e+002
  3.39089813e+002 1.85865280e+002 3.24891357e+002 2.01217270e+002
  3.09546844e+002 2.15635437e+002 2.91242279e+002 2.25757721e+002
  2.74017731e+002 2.36660767e+002 2.54919235e+002 2.45026917e+002
  2.34259933e+002 2.49435013e+002 2.13379196e+002 253. 1.92920715e+002
  257. 1.71950729e+002 2.59512329e+002 1.51040970e+002 262.
  1.30362289e+002 264. 1.09368416e+002 266. 8.81132431e+001 266.
  6.68580704e+001 266. 4.57260017e+001 265. 3.86805305e+001
  2.62159729e+002 5.76482468e+001 2.55175873e+002 7.80379257e+001
  2.51654022e+002 9.89508972e+001 250. 1.20206070e+002 250.
  1.41461243e+002 250. 1.62554138e+002 249. 1.83809311e+002 249.
  2.04965469e+002 248. 2.26220642e+002 248. 2.47475815e+002 248.
  2.68730988e+002 248. 2.89986176e+002 248. 3.11241364e+002 248.
  3.32496552e+002 248. 3.53652710e+002 249. 3.74907898e+002 249.
  3.96163086e+002 249. 4.17418274e+002 249. 4.38673462e+002 249.
  4.59928650e+002 249. 4.81183838e+002 249. 5.02439026e+002 249.
  5.23694214e+002 249. 5.44949402e+002 249. 5.65204590e+002 248. 585.
  2.44604736e+002 605. 242.</Path2D>
</opencv_storage>
