<?xml version="1.0"?>
<opencv_storage>
<Parameter>
  <Count>64</Count></Parameter>
<Path2D>
  38. 173. 5.41805344e+001 176. 7.16037064e+001 176. 8.88646011e+001
  175. 1.06287773e+002 175. 1.23710945e+002 175. 1.40933121e+002
  1.73213379e+002 1.58335159e+002 173. 1.75734406e+002 1.72710938e+002
  1.93098740e+002 172. 2.10453522e+002 1.71309296e+002 2.27846069e+002
  171. 2.45269241e+002 171. 2.62593384e+002 172. 2.80016571e+002 172.
  2.97439758e+002 172. 3.14807312e+002 1.72451828e+002 3.32019714e+002
  1.74203934e+002 3.49364075e+002 175. 3.66688232e+002 176.
  3.84111420e+002 176. 4.01534607e+002 176. 4.18957794e+002 176.
  4.36257874e+002 177. 4.53398010e+002 1.78199005e+002 4.70632111e+002
  179. 4.88055298e+002 179. 5.05478485e+002 179. 5.22901672e+002 179.
  5.40324829e+002 179. 5.57747986e+002 179. 5.74935120e+002 178.
  5.66075684e+002 173. 5.48751526e+002 172. 5.31573364e+002 170.
  5.14150208e+002 170. 4.96727020e+002 170. 4.79356201e+002
  1.69471237e+002 4.62102783e+002 168. 4.44683960e+002 1.67947327e+002
  4.27339203e+002 167. 4.09916016e+002 167. 3.92591858e+002 166.
  3.75407928e+002 1.64135971e+002 3.58129913e+002 163. 3.40808044e+002
  1.61634674e+002 3.23437408e+002 161. 3.06664520e+002 159. 296.
  1.67694153e+002 291. 1.83224411e+002 288. 2.00013168e+002
  2.86304199e+002 2.17087372e+002 285. 2.34225113e+002 2.86664551e+002
  2.51329132e+002 289. 2.68450989e+002 2.90205688e+002 2.85411377e+002
  292. 3.02484772e+002 292. 3.19907959e+002 292. 3.37331146e+002
  2.94882690e+002 3.54296112e+002 297. 3.71487457e+002 297.
  3.88334137e+002 2.99127533e+002 4.05255066e+002 302. 422.</Path2D>
</opencv_storage>
