<?xml version="1.0"?>
<opencv_storage>
<Parameter>
  <Count>64</Count></Parameter>
<Path2D>
  22. 101. 5.36172867e+001 102. 8.53140869e+001 103. 1.17093651e+002
  103. 1.48873215e+002 103. 1.80652771e+002 103. 2.12432327e+002 103.
  2.44211884e+002 103. 2.75991455e+002 103. 3.07771027e+002 103.
  3.39550598e+002 103. 3.71330170e+002 103. 4.03109741e+002 103.
  4.34889313e+002 103. 4.66668884e+002 103. 4.98322815e+002
  1.03774269e+002 5.30065735e+002 104. 5.61431091e+002 105.
  5.92974609e+002 106. 5.93245850e+002 106. 5.61589417e+002 105.
  5.29809875e+002 105. 4.98252655e+002 1.02036095e+002 4.66838562e+002
  9.79677124e+001 4.35253845e+002 96. 4.03690369e+002 93.
  3.71910797e+002 93. 3.40131226e+002 93. 3.08513947e+002 94.
  2.76734375e+002 94. 2.46369019e+002 96. 2.27518860e+002
  1.18481133e+002 2.14722519e+002 1.46109924e+002 2.07042877e+002
  1.75957123e+002 206. 2.07482864e+002 207. 2.39026367e+002 210.
  2.70067169e+002 214. 3.00976257e+002 214. 3.32755829e+002 215.
  3.64373108e+002 215. 3.96152679e+002 2.09394241e+002 3.95788483e+002
  2.10673019e+002 3.64307953e+002 2.17284698e+002 3.33576477e+002
  2.23752411e+002 3.02742767e+002 2.34510696e+002 2.72978607e+002
  2.47231216e+002 2.44306335e+002 2.61009033e+002 2.15990982e+002
  2.78173553e+002 1.89826462e+002 2.98503052e+002 1.66331299e+002
  3.18830261e+002 1.43169739e+002 3.43393463e+002 1.25803261e+002
  3.73777832e+002 119. 4.05392975e+002 1.19696487e+002 4.28021454e+002
  1.39021454e+002 444. 1.63725479e+002 454. 1.92834930e+002 460.
  2.23245865e+002 4.65793091e+002 2.53586197e+002 4.70543274e+002
  2.84716431e+002 4.69020996e+002 3.15916046e+002 466. 3.47097778e+002
  465. 3.78463135e+002 470. 407.</Path2D>
</opencv_storage>
