<?xml version="1.0"?>
<opencv_storage>
<Parameter>
  <Count>64</Count></Parameter>
<Path2D>
  43. 231. 5.10636864e+001 232. 5.86393661e+001 234. 6.68096313e+001
  2.34452408e+002 7.49681854e+001 235. 8.31941452e+001 235.
  9.14201050e+001 235. 9.96460648e+001 235. 1.07872025e+002 235.
  1.16097984e+002 235. 1.24234528e+002 2.34361557e+002 1.32269806e+002
  233. 1.40473450e+002 2.32552658e+002 1.48644989e+002 2.31622147e+002
  1.56826736e+002 231. 1.65037552e+002 2.30696243e+002 1.73192108e+002
  2.29701981e+002 1.81208542e+002 228. 1.89434509e+002 228.
  1.97653839e+002 2.27906601e+002 2.05801346e+002 2.26774826e+002
  2.13966965e+002 2.25781448e+002 2.22138092e+002 2.24837418e+002
  2.30304535e+002 224. 2.38508011e+002 2.23549194e+002 2.46654022e+002
  2.22469193e+002 2.54833527e+002 222. 2.63059479e+002 222.
  2.71285431e+002 222. 2.79511383e+002 222. 2.87737335e+002 222.
  2.95963287e+002 222. 3.04189240e+002 222. 3.12411041e+002
  2.21941284e+002 3.20570099e+002 221. 3.28796051e+002 221.
  3.37022003e+002 221. 3.45247955e+002 221. 3.53473907e+002 221.
  3.61699860e+002 221. 3.69925812e+002 221. 3.78151764e+002 221.
  3.86377716e+002 221. 3.94603668e+002 221. 4.02829620e+002 221.
  4.11055573e+002 221. 4.19281525e+002 221. 4.27507477e+002 221.
  4.35733429e+002 221. 4.43959381e+002 221. 4.52185333e+002 221.
  4.60411285e+002 221. 4.68637238e+002 221. 4.76863190e+002 221.
  4.85089142e+002 221. 4.93305695e+002 2.20923569e+002 5.01417969e+002
  220. 5.09643921e+002 220. 5.17869873e+002 220. 5.26095825e+002 220.
  5.34321777e+002 220. 5.42547729e+002 220. 5.50773682e+002 220.
  5.58999634e+002 220.</Path2D>
</opencv_storage>
