<?xml version="1.0"?>
<opencv_storage>
<Parameter>
  <Count>64</Count></Parameter>
<Path2D>
  314. 24. 312. 3.64709930e+001 3.10887360e+002 4.93379211e+001
  3.08271088e+002 6.19156075e+001 308. 7.49297256e+001 308.
  8.79772110e+001 308. 1.01024696e+002 308. 1.14072182e+002 308.
  1.27119667e+002 308. 1.40167160e+002 308. 1.53214645e+002 308.
  1.66262131e+002 308. 1.79309616e+002 308. 1.92357101e+002 308.
  2.05404587e+002 307. 2.18289795e+002 3.04423615e+002 2.30881866e+002
  304. 2.43887405e+002 302. 2.56712769e+002 301. 2.69597992e+002 301.
  2.82645477e+002 300. 2.95569855e+002 300. 3.08617340e+002 300.
  3.21664825e+002 300. 3.34712311e+002 300. 3.47759796e+002 300.
  3.60807281e+002 300. 3.73854767e+002 300. 3.86902252e+002
  3.01801788e+002 3.99405396e+002 3.03002045e+002 4.12006165e+002 304.
  4.24891693e+002 3.01475037e+002 436. 2.90518097e+002 4.40160645e+002
  2.78005157e+002 443. 2.65080780e+002 444. 2.52116058e+002 445.
  2.39068573e+002 445. 2.26021088e+002 445. 2.12973602e+002 445.
  1.99926117e+002 445. 1.86878632e+002 445. 1.73831146e+002 445.
  1.75173294e+002 4.44565338e+002 1.88041702e+002 443. 2.01074371e+002
  4.42820953e+002 2.14053909e+002 442. 2.27101395e+002 442.
  2.40148880e+002 442. 2.53196365e+002 442. 2.66081573e+002 443.
  2.79019806e+002 4.43673279e+002 2.92014282e+002 444. 3.05061768e+002
  444. 3.17695038e+002 445. 3.30506470e+002 446. 3.43553955e+002 446.
  3.56326813e+002 4.47163391e+002 3.68762573e+002 449. 3.81810059e+002
  449. 3.94857544e+002 449. 4.07905029e+002 449. 4.20952515e+002 449.
  434. 449.</Path2D>
</opencv_storage>
