<?xml version="1.0"?>
<opencv_storage>
<Parameter>
  <Count>64</Count></Parameter>
<Path2D>
  69. 109. 9.12682800e+001 94. 1.17141258e+002 8.39293671e+001
  1.41439362e+002 73. 1.67908325e+002 6.40916672e+001 1.94972092e+002
  57. 2.21424362e+002 50. 2.49521378e+002 4.51196556e+001
  2.77599091e+002 41. 3.05691528e+002 37. 3.34251678e+002 34.
  3.63041779e+002 33. 3.91930908e+002 33. 4.20764648e+002 34.
  4.49508759e+002 36. 4.76656738e+002 4.28283653e+001 5.03830017e+002
  5.22075043e+001 5.26782104e+002 6.77820740e+001 5.42392517e+002
  9.13925476e+001 551. 1.17547432e+002 560. 1.44272217e+002 563.
  1.72600723e+002 565. 2.00884293e+002 5.61920349e+002 2.29239044e+002
  5.50795532e+002 2.55408936e+002 5.33516663e+002 2.78225006e+002
  5.13521729e+002 2.98358704e+002 4.91730682e+002 3.17067322e+002
  4.68083405e+002 3.32566650e+002 4.44833252e+002 3.48166748e+002
  4.20972565e+002 3.63205475e+002 3.94666077e+002 3.74666962e+002
  3.67548859e+002 3.84225555e+002 3.40240936e+002 3.92303619e+002
  3.12208893e+002 3.98947784e+002 2.83958649e+002 4.04868958e+002
  2.55788834e+002 411. 2.27373337e+002 4.14406677e+002 1.98964569e+002
  418. 1.70808487e+002 423. 1.42278534e+002 425. 1.13929924e+002
  4.23464966e+002 8.60369110e+001 420. 63. 4.09951050e+002
  7.35674667e+001 3.86432526e+002 9.69868774e+001 3.76004364e+002
  1.25484215e+002 3.72919312e+002 1.54297256e+002 372. 1.83186386e+002
  372. 2.11745468e+002 3.73949097e+002 2.39941406e+002 379.
  2.68323029e+002 383. 2.95985382e+002 387. 3.23288574e+002 393.
  3.50155029e+002 3.99718353e+002 3.77726929e+002 405. 4.05232727e+002
  410. 4.33170319e+002 413. 4.60173096e+002 417. 4.88397064e+002
  4.20849274e+002 5.15381287e+002 425. 5.43635986e+002 428.
  5.72110901e+002 429. 601. 429.</Path2D>
</opencv_storage>
