<?xml version="1.0"?>
<opencv_storage>
<Parameter>
  <Count>64</Count></Parameter>
<Path2D>
  492. 41. 4.66729004e+002 41. 4.41855469e+002 3.72650681e+001
  4.16871155e+002 3.43742294e+001 3.91778229e+002 3.22963676e+001
  3.66694031e+002 31. 3.41546143e+002 30. 3.16275146e+002 30.
  2.91221466e+002 3.15557079e+001 2.66653168e+002 3.64489403e+001
  2.42460007e+002 4.28849983e+001 2.19523834e+002 5.24920540e+001
  1.97982468e+002 6.53450165e+001 1.77767044e+002 7.98219681e+001
  1.58376099e+002 9.56239090e+001 1.41141357e+002 1.13858643e+002
  1.28005356e+002 1.34989304e+002 1.16236984e+002 1.57144531e+002 109.
  1.81062515e+002 105. 2.05536819e+002 105. 2.30807816e+002 105.
  2.56078796e+002 107. 2.80521362e+002 1.15223007e+002 3.03669037e+002
  1.24121078e+002 3.25242157e+002 1.34694687e+002 3.47473480e+002
  1.43898941e+002 3.70595795e+002 1.56912796e+002 389. 1.79896652e+002
  3.98224152e+002 2.03899719e+002 4.05559875e+002 2.27334381e+002
  4.13167175e+002 2.51031387e+002 4.20515686e+002 2.75184143e+002 425.
  2.99891418e+002 4.28963806e+002 3.25033417e+002 430. 3.50205383e+002
  431. 3.75476379e+002 431. 4.00657715e+002 4.30447418e+002
  4.25633972e+002 428. 4.49802002e+002 4.21598999e+002 4.73293274e+002
  414. 4.92080902e+002 4.00459534e+002 5.05620056e+002 3.79759918e+002
  514. 3.57061218e+002 515. 3.31952515e+002 5.09164642e+002
  3.08164642e+002 4.99684906e+002 2.85684906e+002 4.83503357e+002
  2.67255066e+002 4.64411133e+002 2.51411133e+002 4.42883698e+002
  2.38589127e+002 4.19888336e+002 229. 3.96371490e+002 2.21123825e+002
  3.72691650e+002 2.13538330e+002 3.48165558e+002 2.08721848e+002
  3.23478882e+002 204. 2.98330994e+002 203. 2.73059998e+002 203.
  2.47789001e+002 203. 2.22518005e+002 203. 1.97571564e+002 205.
  1.75333939e+002 2.15333038e+002 1.55919403e+002 2.29080597e+002
  1.37207748e+002 2.44792252e+002 121. 261.</Path2D>
</opencv_storage>
