<?xml version="1.0"?>
<opencv_storage>
<Parameter>
  <Count>64</Count></Parameter>
<Path2D>
  18. 18. 4.77105446e+001 18. 7.71850204e+001 17. 1.06895561e+002 17.
  1.36606110e+002 17. 1.66080582e+002 18. 1.95225555e+002
  2.02255592e+001 2.24201096e+002 22. 2.53675568e+002 21.
  2.83263000e+002 22. 292. 4.29735451e+001 289. 7.20496750e+001 289.
  1.01760216e+002 291. 1.30234695e+002 290. 1.59782959e+002
  2.88425079e+002 1.89299622e+002 288. 2.18957840e+002 288.
  2.48668381e+002 291. 2.77831482e+002 292. 3.07305969e+002 294.
  3.36440033e+002 294. 3.66150574e+002 292. 3.95284637e+002 287.
  4.23393372e+002 282. 4.46537079e+002 2.76750122e+002 4.17500732e+002
  274. 3.87978729e+002 274. 3.58268188e+002 2.75059113e+002
  3.28645294e+002 2.80908386e+002 2.99549683e+002 288. 2.70982666e+002
  2.90582886e+002 2.41668442e+002 2.95859680e+002 2.12701660e+002 299.
  1.83693329e+002 3.01567657e+002 1.54297028e+002 3.07089996e+002
  1.25730019e+002 315. 9.80283356e+001 3.26500549e+002 7.29989243e+001
  335. 4.65931969e+001 3.47395996e+002 25. 3.75627838e+002 21.
  4.04866241e+002 19. 4.34576782e+002 19. 4.64287323e+002 19.
  4.93997864e+002 19. 5.23058105e+002 21. 5.52606384e+002 22.
  5.82316956e+002 22. 6.11668335e+002 24. 6.08543640e+002
  4.93691521e+001 6.06725403e+002 7.88238068e+001 6.06041504e+002
  1.08124512e+002 609. 1.37029236e+002 607. 1.66163284e+002 604.
  1.94809326e+002 606. 2.23982544e+002 6.01884094e+002 2.52231750e+002
  5.96798401e+002 2.81008148e+002 596. 3.10639618e+002 6.02915649e+002
  3.37915680e+002 6.02813049e+002 3.67560944e+002 600. 3.96741211e+002
  600. 4.26451752e+002 599. 456.</Path2D>
</opencv_storage>
