<?xml version="1.0"?>
<opencv_storage>
<Parameter>
  <Count>64</Count></Parameter>
<Path2D>
  19. 21. 27. 6.50379028e+001 34. 1.09642174e+002 34. 1.55625198e+002
  40. 2.00585403e+002 40. 2.46568436e+002 3.74337921e+001
  2.92132416e+002 33. 3.37290131e+002 33. 3.83273163e+002 33.
  4.28605896e+002 3.67017479e+001 4.46596497e+002 4.84179497e+001
  4.02910248e+002 56. 3.58436401e+002 5.98726845e+001 3.13254639e+002
  65. 2.68301727e+002 65. 2.22318695e+002 70. 1.77546570e+002 71.
  1.31686646e+002 72. 8.59396896e+001 74. 4.03550110e+001
  1.09067390e+002 31. 1.54951401e+002 30. 2.00314346e+002 27.
  2.46079544e+002 2.44801159e+001 2.91835052e+002 2.20235634e+001
  3.37733643e+002 21. 3.83633911e+002 20. 4.29370667e+002
  1.69382229e+001 4.74655579e+002 12. 5.20638611e+002 12.
  5.66621643e+002 12. 606. 2.18898907e+001 606. 6.78729172e+001 608.
  1.13570557e+002 610. 1.59155243e+002 6.12749023e+002 2.04745270e+002
  619. 2.49116745e+002 6.17634521e+002 2.94827515e+002 618.
  3.40511627e+002 617. 3.86332367e+002 5.83383667e+002 4.01731110e+002
  5.39734314e+002 4.13843781e+002 4.95551147e+002 4.25089783e+002
  4.50285828e+002 4.32964264e+002 4.05076935e+002 4.40982910e+002
  3.59688812e+002 448. 3.13764038e+002 4.49749054e+002 2.67789368e+002
  450. 2.21806335e+002 450. 1.75823303e+002 450. 1.29840271e+002 450.
  8.38572464e+001 450. 1.12125778e+002 450. 1.58108810e+002 450.
  2.04058609e+002 4.50732605e+002 2.50029510e+002 451. 2.95889435e+002
  452. 3.41872467e+002 452. 3.87855499e+002 452. 4.33602448e+002 451.
  4.79523224e+002 452. 5.25270203e+002 451. 5.71253235e+002 451. 617.
  450.</Path2D>
</opencv_storage>
