<?xml version="1.0"?>
<opencv_storage>
<Parameter>
  <Count>64</Count></Parameter>
<Path2D>
  44. 18. 40. 5.11348495e+001 4.89411774e+001 8.28823547e+001 54.
  1.16271126e+002 58. 1.49983643e+002 6.36482620e+001 1.83296524e+002
  6.96498489e+001 2.16599396e+002 7.50474243e+001 2.50284546e+002 81.
  2.83834290e+002 90. 3.15862579e+002 104. 3.44596741e+002
  1.23970596e+002 3.69941193e+002 1.51356201e+002 3.87785400e+002
  1.82832794e+002 400. 2.15737778e+002 4.09547546e+002 2.49112793e+002
  4.15778198e+002 2.82816589e+002 4.21163330e+002 3.17066864e+002
  4.22344482e+002 3.51303162e+002 424. 3.85664795e+002 424.
  4.19691345e+002 422. 447. 4.05313324e+002 4.63606720e+002
  3.76089935e+002 4.80274750e+002 3.46813141e+002 4.88332153e+002
  3.14671417e+002 4.89746643e+002 2.81239960e+002 4.76850922e+002
  2.49801224e+002 4.53824402e+002 2.24618317e+002 4.24694977e+002
  2.07231659e+002 3.93099030e+002 1.94039612e+002 3.59723022e+002
  1.86144608e+002 3.25700287e+002 184. 2.91448608e+002 1.85110275e+002
  2.57776276e+002 1.91074570e+002 2.25342224e+002 2.01828888e+002
  1.93401688e+002 2.13866104e+002 1.63254349e+002 2.28745651e+002
  1.40555298e+002 2.52667053e+002 134. 2.85525024e+002 1.41018402e+002
  3.18036804e+002 1.60469589e+002 3.46292786e+002 1.83767319e+002
  3.70325500e+002 2.14266846e+002 3.84504822e+002 2.46762573e+002
  3.95254181e+002 2.79766663e+002 4.04725922e+002 3.12532257e+002
  4.14612915e+002 3.45867859e+002 4.22216949e+002 3.79978668e+002 425.
  4.14217194e+002 426. 4.48293427e+002 424. 4.77280762e+002
  4.10719238e+002 5.05655945e+002 3.92172028e+002 5.28739197e+002
  3.69260803e+002 5.44309509e+002 3.40035736e+002 5.58381104e+002
  3.09618927e+002 565. 2.77075500e+002 567. 2.43112228e+002 568.
  2.08912888e+002 5.71233276e+002 1.75066818e+002 575. 1.41167725e+002
  575. 1.06806099e+002 5.80041443e+002 7.39170990e+001 5.91444641e+002
  4.41107712e+001 604. 16.</Path2D>
</opencv_storage>
