<?xml version="1.0"?>
<opencv_storage>
<Parameter>
  <Count>64</Count></Parameter>
<Path2D>
  348. 16. 3.40519958e+002 3.29600754e+001 3.33349854e+002
  5.13002930e+001 3.27917023e+002 7.01659241e+001 3.24435059e+002
  8.94773483e+001 3.17928894e+002 1.08142212e+002 3.10790985e+002
  1.26627045e+002 3.04041504e+002 1.44875488e+002 2.96005798e+002
  1.62988434e+002 2.86738037e+002 1.80523956e+002 2.76966827e+002
  1.97549774e+002 2.66945343e+002 2.14581985e+002 2.55525024e+002
  2.30664978e+002 2.43970322e+002 2.46787109e+002 2.31680679e+002
  2.62319305e+002 2.18631714e+002 2.77241943e+002 2.05719833e+002
  2.92280182e+002 1.92696289e+002 3.07202484e+002 1.79385544e+002
  3.21737335e+002 1.65806870e+002 3.35988556e+002 1.52183990e+002
  3.50252808e+002 1.36232941e+002 3.61883514e+002 1.20628212e+002
  3.73743591e+002 1.06249390e+002 3.85833740e+002 9.04399261e+001
  3.97560059e+002 7.43861084e+001 4.08613892e+002 5.88486977e+001 419.
  4.53097382e+001 429. 3.37349663e+001 4.34530060e+002 4.65088081e+001
  4.20491180e+002 5.95396309e+001 4.05575470e+002 7.33839111e+001
  3.91385742e+002 8.55396423e+001 3.75825439e+002 1.00333466e+002
  3.62833252e+002 1.14630104e+002 3.49684937e+002 1.28032166e+002
  3.35451752e+002 1.42401215e+002 3.22598785e+002 1.56606537e+002
  3.09045105e+002 1.71416626e+002 2.95937531e+002 1.86168762e+002
  2.82831238e+002 1.99666534e+002 2.68333466e+002 2.14918655e+002
  2.56162689e+002 2.28674133e+002 2.43162933e+002 2.42346207e+002 232.
  2.57333374e+002 2.42750031e+002 2.70086151e+002 2.57086151e+002
  2.85433044e+002 2.69574799e+002 2.99538879e+002 2.83077759e+002
  3.14205200e+002 2.96205200e+002 3.28977203e+002 3.08977203e+002
  3.44333923e+002 3.21000336e+002 3.60633545e+002 3.31225159e+002
  3.76721558e+002 3.42791168e+002 3.92313141e+002 3.54313141e+002
  4.08994171e+002 3.64664734e+002 4.26438934e+002 3.72438934e+002
  4.43363861e+002 3.81886444e+002 4.62190399e+002 3.88114227e+002
  4.80147827e+002 3.96459137e+002 4.98674011e+002 4.03558014e+002
  5.17327148e+002 4.10109070e+002 5.35221985e+002 4.16221954e+002
  5.52657288e+002 4.22828644e+002 570. 429.</Path2D>
</opencv_storage>
