<?xml version="1.0"?>
<opencv_storage>
<Parameter>
  <Count>64</Count></Parameter>
<Path2D>
  345. 14. 3.69342102e+002 1.63355274e+001 3.93519073e+002
  2.04198475e+001 4.17791656e+002 2.43583317e+001 4.38379578e+002
  3.49197235e+001 4.58406189e+002 4.81624756e+001 4.78691803e+002
  6.09224167e+001 4.99603668e+002 7.32027588e+001 5.20235474e+002
  8.63971786e+001 5.39952759e+002 1.00971649e+002 5.59208679e+002
  1.16166939e+002 5.74190613e+002 1.34571777e+002 5.82250366e+002
  1.57500702e+002 591. 1.79367325e+002 5.98774780e+002 2.02324432e+002
  6.03569153e+002 2.26276672e+002 6.03292053e+002 2.50415848e+002
  5.97655396e+002 2.73861511e+002 5.87507446e+002 2.96231354e+002
  5.76914490e+002 3.18256622e+002 5.65531494e+002 3.39624634e+002
  5.50254761e+002 3.58745209e+002 5.31479919e+002 3.74346710e+002
  5.10310425e+002 3.86844788e+002 4.88432526e+002 3.98026978e+002
  4.65347504e+002 4.06330505e+002 4.41376038e+002 4.11437317e+002
  4.17505890e+002 4.16873535e+002 3.93805542e+002 4.23097229e+002
  3.69784912e+002 4.27405029e+002 3.45730225e+002 4.32253967e+002
  3.21444763e+002 435. 2.97005920e+002 437. 2.72389313e+002
  4.36548676e+002 2.48084824e+002 4.32616974e+002 2.24639679e+002
  4.25417023e+002 2.01973480e+002 4.15988647e+002 1.79056763e+002
  4.07028381e+002 1.56505188e+002 3.97628876e+002 1.36040375e+002
  3.84026917e+002 1.15583046e+002 3.70349823e+002 9.65413742e+001
  3.54770691e+002 7.96733170e+001 3.37231079e+002 6.62044678e+001
  3.17204468e+002 5.30485077e+001 2.97145508e+002 4.80270844e+001
  2.73135437e+002 46. 2.48738449e+002 4.55222130e+001 2.24133286e+002
  44. 1.99614563e+002 4.68446350e+001 1.75466095e+002 5.55933914e+001
  1.52609909e+002 6.87361984e+001 1.31895691e+002 8.48256912e+001
  1.13630737e+002 1.03800369e+002 9.79597092e+001 1.24783348e+002
  8.54777679e+001 1.46421234e+002 7.46315079e+001 1.68022003e+002
  6.36520042e+001 1.90028931e+002 55. 2.12912231e+002 47.
  2.36938583e+002 4.23469810e+001 2.60577881e+002 3.54740448e+001
  2.83451385e+002 2.97743015e+001 3.06598053e+002 24. 328. 19.</Path2D>
</opencv_storage>
