<?xml version="1.0"?>
<opencv_storage>
<Parameter>
  <Count>64</Count></Parameter>
<Path2D>
  46. 41. 7.65535355e+001 4.10922546e+001 1.07039581e+002 42.
  1.37600754e+002 42. 1.68161926e+002 42. 1.98723099e+002 42.
  2.29284271e+002 42. 2.59845428e+002 42. 2.90406586e+002 42.
  3.20967743e+002 42. 3.51528900e+002 42. 3.82058685e+002
  4.27548904e+001 4.12609650e+002 43. 4.43170807e+002 43.
  4.73731964e+002 43. 5.04293121e+002 43. 5.34618225e+002 44.
  5.64366821e+002 47. 5.59507446e+002 6.53283768e+001 5.39878113e+002
  8.81625366e+001 5.18128967e+002 1.09296829e+002 4.95589752e+002
  1.29646149e+002 4.73939545e+002 1.51060455e+002 4.50270325e+002
  1.70235474e+002 4.26263763e+002 1.88946854e+002 4.01789063e+002
  2.07168747e+002 3.77542328e+002 2.25467087e+002 3.52352661e+002
  2.42503479e+002 3.28019409e+002 2.60984924e+002 3.02469604e+002
  2.77323883e+002 2.77287201e+002 2.94223419e+002 2.52311981e+002
  3.11688019e+002 2.26418503e+002 3.26936127e+002 2.02401443e+002
  3.45598572e+002 1.76945511e+002 3.61054474e+002 1.51252686e+002
  3.75831543e+002 1.24905609e+002 3.89698120e+002 9.79348755e+001
  4.03032562e+002 7.14350891e+001 4.17173676e+002 8.51787109e+001 424.
  1.15648827e+002 426. 1.46209991e+002 426. 1.76771164e+002 426.
  2.07332336e+002 426. 2.37793762e+002 424. 2.68354919e+002 424.
  2.98882782e+002 423. 3.29443939e+002 423. 3.60005096e+002 423.
  3.90510895e+002 422. 4.21072052e+002 422. 4.51633209e+002 422.
  4.82123322e+002 421. 5.12684509e+002 421. 5.38404602e+002 420.
  5.11048981e+002 4.07699341e+002 4.84015961e+002 3.93606384e+002
  4.60871124e+002 3.74806702e+002 4.40498627e+002 3.52332428e+002
  4.18109283e+002 3.32465576e+002 3.95167877e+002 3.13335754e+002
  3.73430511e+002 2.93430511e+002 351. 2.76490356e+002 3.30000244e+002
  264.</Path2D>
</opencv_storage>
