<?xml version="1.0"?>
<opencv_storage>
<Parameter>
  <Count>64</Count></Parameter>
<Path2D>
  23. 20. 4.72769279e+001 2.33192310e+001 7.20365219e+001 26.
  9.69799423e+001 28. 1.22037285e+002 2.90053253e+001 1.47080475e+002
  3.01800804e+001 1.71987045e+002 3.32207832e+001 1.96913177e+002
  3.56570206e+001 2.21889648e+002 38. 2.46977371e+002 3.84962273e+001
  2.72033081e+002 3.95041351e+001 2.97130981e+002 40. 3.22097504e+002
  41. 3.47226288e+002 41. 3.71829224e+002 4.44715347e+001
  3.96831512e+002 46. 4.21960297e+002 46. 4.47089081e+002 46.
  4.72055603e+002 47. 4.97184387e+002 47. 5.21395935e+002
  5.11979790e+001 5.45921204e+002 53. 5.55521667e+002 6.74350433e+001
  5.52998291e+002 9.20068283e+001 552. 1.17012718e+002 555.
  1.41796280e+002 556. 1.66801956e+002 556. 1.91930740e+002 556.
  2.17059525e+002 556. 2.42188309e+002 556. 2.67317108e+002 556.
  2.92445892e+002 557. 3.17475647e+002 5.60378174e+002 3.42134583e+002
  5.63912903e+002 3.66651733e+002 5.66166138e+002 3.91332245e+002 571.
  4.15289337e+002 5.75376709e+002 4.39130219e+002 5.82326294e+002
  4.47694885e+002 5.89625305e+002 4.24498718e+002 5.95950317e+002
  4.01049683e+002 596. 3.75941467e+002 597. 3.50974945e+002 597.
  3.25846161e+002 597. 3.00717377e+002 597. 2.75588593e+002
  5.94050415e+002 2.51151230e+002 5.78030640e+002 242. 5.52972900e+002
  241. 5.27906372e+002 240. 5.02938873e+002 238. 4.77892853e+002 237.
  4.52764069e+002 237. 4.27635284e+002 237. 4.02568756e+002 238.
  3.77621765e+002 240. 3.52492981e+002 240. 3.27364197e+002 240.
  3.02235413e+002 240. 2.77106628e+002 240. 2.51977844e+002 240.
  2.26972168e+002 239. 2.02005661e+002 238. 177. 237.</Path2D>
</opencv_storage>
