<?xml version="1.0"?>
<opencv_storage>
<Parameter>
  <Count>64</Count></Parameter>
<Path2D>
  585. 31. 5.46604431e+002 34. 5.07574463e+002 34. 4.68742523e+002 34.
  4.30116455e+002 38. 3.91391357e+002 35. 3.52719879e+002
  3.12456951e+001 3.13889130e+002 29. 2.74941925e+002 28.
  2.36065781e+002 26. 1.97035797e+002 26. 1.58168091e+002 25.
  1.19138107e+002 25. 8.01081238e+001 25. 7.33070602e+001
  4.89211807e+001 77. 8.70261536e+001 74. 1.25495506e+002 72.
  1.63875198e+002 6.39167137e+001 2.00083282e+002 58. 2.35669052e+002
  6.78126831e+001 263. 1.06719559e+002 264. 1.45505814e+002
  2.65501923e+002 1.84353531e+002 2.67225586e+002 2.23319412e+002 268.
  2.62349396e+002 268. 3.00818756e+002 271. 3.39725616e+002 270.
  3.78573822e+002 268. 4.17521027e+002 269. 4.56443207e+002
  2.70088654e+002 4.95160828e+002 273. 5.12529724e+002 2.68509918e+002
  4.74939819e+002 261. 4.36330017e+002 257. 3.97714386e+002
  2.52428604e+002 3.59375671e+002 2.46458557e+002 3.20981812e+002
  2.41140259e+002 2.82115631e+002 239. 2.43085648e+002 239.
  2.04155441e+002 2.39614853e+002 1.65940903e+002 245. 1.26910919e+002
  245. 8.80432205e+001 246. 60. 2.58410278e+002 60. 2.97440247e+002
  6.41906052e+001 3.35334259e+002 6.63619003e+001 3.74085724e+002 69.
  4.12435669e+002 6.95870438e+001 4.50174072e+002 1.03692352e+002 456.
  1.42595886e+002 458. 1.81580505e+002 459. 2.20565125e+002 460.
  2.59595093e+002 460. 2.98562805e+002 459. 3.37207611e+002 457.
  3.76154816e+002 456. 4.15143188e+002 455. 4.54173157e+002 455.
  4.93203125e+002 455. 5.31939941e+002 452. 5.70969910e+002 452.
  6.09999878e+002 452.</Path2D>
</opencv_storage>
