<?xml version="1.0"?>
<opencv_storage>
<Parameter>
  <Count>64</Count></Parameter>
<Path2D>
  284. 10. 282. 2.27422962e+001 281. 3.60769539e+001 2.81837280e+002
  4.95118065e+001 282. 6.30561256e+001 283. 7.64645691e+001 284.
  8.97992249e+001 2.85358551e+002 1.03075691e+002 2.86803955e+002
  1.16411858e+002 2.88685822e+002 1.29743240e+002 291. 1.42950729e+002
  2.92814728e+002 1.56258881e+002 293. 1.69806793e+002 293.
  1.83377518e+002 294. 1.96849228e+002 294. 2.10419952e+002 294.
  2.23990677e+002 294. 2.37561401e+002 294. 2.51132126e+002 294.
  2.64702850e+002 294. 2.78273560e+002 294. 2.91844269e+002 294.
  3.05414978e+002 294. 3.18985687e+002 294. 3.32556396e+002
  2.94504059e+002 3.46008118e+002 295. 3.59461761e+002 296.
  3.72870209e+002 299. 3.85376434e+002 299. 3.98947144e+002 299.
  4.12517853e+002 298. 4.25674377e+002 298. 4.39245087e+002
  2.97187958e+002 4.52624115e+002 296. 4.58263763e+002 2.90440186e+002
  4.46320526e+002 2.86389008e+002 4.33778015e+002 282. 4.21599701e+002
  279. 4.08737183e+002 276. 3.96638580e+002 2.74836212e+002
  3.83508636e+002 273. 3.70309692e+002 271. 3.57389252e+002 268.
  3.44379150e+002 269. 3.31044495e+002 2.70205170e+002 3.17794830e+002
  2.73356140e+002 3.05287689e+002 277. 2.92577179e+002 281.
  2.80307007e+002 285. 2.67858704e+002 2.92317932e+002 2.57682068e+002
  3.03263611e+002 2.50736404e+002 3.14834106e+002 2.45082947e+002
  3.27779694e+002 243. 3.40921906e+002 2.40359360e+002 3.53986664e+002
  237. 3.67323517e+002 2.35558823e+002 3.80704529e+002 234.
  3.94039185e+002 233. 4.06222931e+002 2.29388535e+002 4.18701935e+002
  228. 4.32272644e+002 228. 4.45843353e+002 228. 4.58999908e+002
  2.27000092e+002</Path2D>
</opencv_storage>
