<?xml version="1.0"?>
<opencv_storage>
<Parameter>
  <Count>64</Count></Parameter>
<Path2D>
  224. 21. 224. 4.39892883e+001 226. 6.63282928e+001 226.
  8.93175812e+001 228. 1.11656586e+002 228. 1.34645874e+002 230.
  1.57349777e+002 233. 1.79704651e+002 234. 2.02531662e+002
  2.35814590e+002 2.25258392e+002 236. 2.48224854e+002 235.
  2.71051849e+002 237. 2.93212708e+002 240. 3.15315643e+002 242.
  3.37654663e+002 244. 3.60245605e+002 245. 3.82998810e+002 247.
  4.05159668e+002 247. 4.28148956e+002 2.37097824e+002 440.
  2.19299622e+002 4.26149811e+002 2.07349640e+002 4.07699280e+002
  1.99878143e+002 3.86756287e+002 194. 3.65615295e+002 1.95094681e+002
  3.42810638e+002 2.04139053e+002 3.21721893e+002 2.15171707e+002
  3.01828308e+002 2.27606415e+002 2.83393585e+002 2.42704819e+002
  2.67060242e+002 2.60127075e+002 2.52936462e+002 2.77669678e+002
  2.39165161e+002 2.95622986e+002 226. 3.13892639e+002 2.13553680e+002
  3.32116577e+002 2.00941711e+002 3.48776215e+002 1.87223801e+002 366.
  1.74712021e+002 3.79473450e+002 1.58526550e+002 389. 1.38875061e+002
  3.96071808e+002 1.17784622e+002 400. 9.57585144e+001 3.99610809e+002
  7.28323898e+001 3.92270599e+002 5.14059067e+001 3.82535065e+002
  3.13025970e+001 3.71831207e+002 1.26623936e+001 3.64402954e+002
  1.97911415e+001 364. 4.27150383e+001 365. 6.55420456e+001 366.
  8.82952652e+001 366. 1.11284554e+002 366. 1.34273834e+002 368.
  1.56938568e+002 368. 1.79927856e+002 371. 2.02295914e+002
  3.75128052e+002 2.24768265e+002 3.77369415e+002 2.47477631e+002
  3.78468567e+002 2.70342896e+002 380. 2.93180542e+002 380.
  3.16169830e+002 379. 3.38923035e+002 3.76774109e+002 3.61677643e+002
  373. 3.84093903e+002 371. 4.06849854e+002 371. 4.29839142e+002 372.
  451.</Path2D>
</opencv_storage>
