<?xml version="1.0"?>
<opencv_storage>
<Parameter>
  <Count>64</Count></Parameter>
<Path2D>
  167. 240. 1.79709335e+002 2.38430222e+002 1.93367279e+002
  2.37105453e+002 2.07160339e+002 237. 2.20863113e+002 236.
  2.34541794e+002 235. 2.48098541e+002 233. 2.61597534e+002
  2.31134155e+002 2.74905426e+002 229. 2.88308868e+002 227.
  3.01460388e+002 225. 3.14601074e+002 2.22199463e+002 3.26573334e+002
  2.16713333e+002 3.37765991e+002 2.08822662e+002 3.47054260e+002
  1.99418610e+002 3.56267609e+002 1.89464813e+002 3.64589539e+002
  1.78547287e+002 3.72704132e+002 1.67591736e+002 3.78515472e+002
  1.55226776e+002 3.83273499e+002 1.42726517e+002 3.88211884e+002
  1.30576233e+002 390. 1.17374702e+002 392. 1.04178459e+002 393.
  9.05389481e+001 393. 7.67371597e+001 393. 6.29353676e+001 391.
  4.96057129e+001 388. 3.68684158e+001 3.84498749e+002 2.39975109e+001
  378. 1.45560970e+001 3.67839294e+002 1.53214083e+001 367.
  2.89250698e+001 365. 4.20765800e+001 363. 5.52280884e+001 361.
  6.85577469e+001 3.58649811e+002 8.17003784e+001 3.55526947e+002
  9.48921890e+001 354. 1.08393044e+002 353. 1.21958771e+002 353.
  1.35760559e+002 352. 1.49463333e+002 353. 1.63182358e+002 353.
  1.76984146e+002 3.53918213e+002 1.90672897e+002 354. 2.04464615e+002
  354. 2.18266403e+002 3.53978424e+002 2.32064697e+002 353.
  2.45707718e+002 353. 2.59509521e+002 3.52269104e+002 2.73192719e+002
  352. 2.86950836e+002 353. 3.00629517e+002 356. 3.14046906e+002 356.
  3.27848694e+002 3.58052307e+002 3.41052307e+002 359. 3.54461548e+002
  360. 3.68101074e+002 359. 3.81740601e+002 360. 3.95380127e+002 362.
  4.08857361e+002 362. 4.22659149e+002 362. 4.36460938e+002 362.
  4.50262726e+002 365. 463.</Path2D>
</opencv_storage>
