<?xml version="1.0"?>
<opencv_storage>
<Parameter>
  <Count>64</Count></Parameter>
<Path2D>
  163. 215. 1.85202103e+002 215. 2.06631287e+002 2.11789566e+002
  2.27228378e+002 2.04328720e+002 2.44613251e+002 1.90693375e+002
  2.57529510e+002 1.73411438e+002 268. 1.54269485e+002 2.75003723e+002
  1.33988800e+002 279. 1.12435204e+002 2.83203796e+002 9.17962189e+001
  284. 6.99239120e+001 284. 4.77218094e+001 2.73998871e+002
  6.10011215e+001 2.69323517e+002 8.10294189e+001 266. 1.02292671e+002
  2.62280701e+002 1.23438622e+002 2.59438965e+002 1.45244095e+002 257.
  1.67106781e+002 257. 1.89308884e+002 258. 2.11387878e+002 259.
  2.33353912e+002 259. 2.55556015e+002 261. 2.77496826e+002 261.
  2.99698914e+002 261. 3.21901001e+002 261. 3.44103088e+002 268.
  3.43008575e+002 2.78481354e+002 3.24037323e+002 2.91211945e+002
  3.06152252e+002 3.01230499e+002 2.87154266e+002 3.11474365e+002
  2.67788422e+002 3.19431610e+002 2.47273514e+002 3.25929321e+002
  2.26211990e+002 3.32364075e+002 2.05543716e+002 3.38841248e+002
  1.84476212e+002 3.45684479e+002 1.63946609e+002 3.55319336e+002
  1.44201630e+002 3.64496979e+002 1.24006027e+002 3.72473907e+002
  1.03578262e+002 379. 8.32342300e+001 384. 6.32588997e+001 390.
  4.26066208e+001 392. 2.10548000e+001 391. 3.07330894e+001
  3.86603516e+002 5.17929688e+001 383. 7.30400391e+001 3.81517059e+002
  9.49658585e+001 380. 1.16809837e+002 378. 1.38183517e+002 376.
  1.59809128e+002 373. 1.81198669e+002 372. 2.03164703e+002
  3.70449982e+002 2.25200073e+002 3.67067627e+002 2.46797134e+002 364.
  2.68146637e+002 361. 2.90027588e+002 361. 3.12229675e+002
  3.62138397e+002 3.34138397e+002 364. 3.55747559e+002 366.
  3.77121246e+002 371. 3.95851227e+002 3.74662842e+002 4.17325684e+002
  375. 4.39448181e+002 376. 460.</Path2D>
</opencv_storage>
