<?xml version="1.0"?>
<opencv_storage>
<Parameter>
  <Count>64</Count></Parameter>
<Path2D>
  33. 156. 6.19703026e+001 156. 9.09406052e+001 156. 1.19688782e+002
  154. 1.48603699e+002 153. 1.77574005e+002 153. 2.06544312e+002 153.
  2.35514618e+002 153. 2.64484924e+002 153. 2.93392975e+002 154.
  3.22298004e+002 1.55042572e+002 3.51117493e+002 157. 3.80016724e+002
  158. 4.08987030e+002 158. 4.37795044e+002 157. 4.66674744e+002
  1.56441742e+002 4.95573364e+002 156. 5.23673157e+002 160.
  5.51643433e+002 161. 5.75214722e+002 158. 5.46765869e+002 155.
  5.17795593e+002 155. 4.89084961e+002 1.52135620e+002 4.60359711e+002
  149. 4.31467346e+002 1.48366837e+002 4.03144348e+002 1.44048111e+002
  3.74904755e+002 140. 3.46096741e+002 139. 3.17126434e+002 139.
  2.89554474e+002 142. 2.67580902e+002 1.51838181e+002 2.59131958e+002
  1.78604111e+002 251. 2.05678619e+002 2.43918076e+002 2.33163864e+002
  2.37043396e+002 2.60891510e+002 2.26916199e+002 2.87625702e+002
  2.14647430e+002 3.12705139e+002 2.01791138e+002 3.37417725e+002
  1.92507309e+002 3.62956177e+002 1.80874451e+002 3.88376648e+002
  1.68523392e+002 4.13953217e+002 158. 4.34856903e+002 1.69560394e+002
  4.09659424e+002 1.82548157e+002 3.83903687e+002 1.96410385e+002
  3.58786163e+002 2.08873611e+002 3.33126373e+002 2.19441498e+002
  3.06675507e+002 2.33972244e+002 2.82037018e+002 2.47931213e+002
  2.57137573e+002 2.64636200e+002 2.33727615e+002 2.81284302e+002
  2.11431381e+002 2.97082489e+002 1.87958755e+002 3.17804535e+002 172.
  3.37680664e+002 1.83680664e+002 3.56316956e+002 2.05780350e+002
  3.74646210e+002 2.27969330e+002 3.91730255e+002 2.51095383e+002
  4.09772797e+002 2.73659210e+002 4.26292236e+002 2.96584442e+002
  4.40185272e+002 3.21247040e+002 456. 3.44547272e+002 4.66058105e+002
  3.71116241e+002 4.77470154e+002 3.96880615e+002 4.91999847e+002 418.</Path2D>
</opencv_storage>
