<?xml version="1.0"?>
<opencv_storage>
<Parameter>
  <Count>64</Count></Parameter>
<Path2D>
  304. 12. 306. 1.85683670e+001 306. 2.71367340e+001 306.
  3.57051010e+001 306. 4.42734680e+001 306. 5.28418350e+001 306.
  6.14102020e+001 306. 6.99785690e+001 307. 7.83108673e+001 308.
  8.67169571e+001 309. 9.51230469e+001 309. 1.03691414e+002 309.
  1.12259781e+002 307. 1.20177864e+002 305. 1.28347885e+002
  3.04077789e+002 1.36766602e+002 304. 1.45322342e+002 304.
  1.53890717e+002 3.04777618e+002 1.62332886e+002 305. 1.70865158e+002
  304. 1.79197464e+002 303. 1.87351624e+002 303. 1.95919998e+002
  3.03665619e+002 2.04331238e+002 3.04575745e+002 2.12727234e+002
  3.06923248e+002 2.20846527e+002 3.08038971e+002 2.29155914e+002
  3.10749420e+002 2.37248291e+002 312. 2.45652893e+002 313.
  2.54098160e+002 313. 2.62666534e+002 3.13784576e+002 2.71138306e+002
  314. 2.79680145e+002 313. 2.88012451e+002 3.12500092e+002
  2.96499695e+002 311. 3.04824646e+002 310. 3.13230743e+002 310.
  3.21799103e+002 3.11986206e+002 3.29972382e+002 312. 3.38537506e+002
  312. 3.47105865e+002 312. 3.55674225e+002 3.12543915e+002
  3.64175629e+002 314. 3.72525574e+002 314. 3.81093933e+002 314.
  3.89662292e+002 313. 3.97994598e+002 313. 4.06562958e+002 313.
  4.15131317e+002 313. 4.23699677e+002 312. 4.31853821e+002 311.
  4.40007965e+002 311. 4.48576324e+002 309. 4.56316254e+002
  3.04115387e+002 460. 2.95547028e+002 460. 2.86978668e+002 460.
  2.78410309e+002 460. 2.69841949e+002 460. 2.61273590e+002 460.
  2.52705215e+002 460. 2.44136841e+002 460. 2.35568466e+002 460.
  2.27000092e+002 460.</Path2D>
</opencv_storage>
