<?xml version="1.0"?>
<opencv_storage>
<Parameter>
  <Count>64</Count></Parameter>
<Path2D>
  300. 14.
  300. 2.10278702e+001
  300. 2.80557404e+001
  300. 3.50836105e+001
  300. 4.21114807e+001
  300. 4.91393509e+001
  300. 5.61672211e+001
  300. 6.31950912e+001
  300. 7.02229614e+001
  300. 7.72508316e+001
  300. 8.42787018e+001
  300. 9.13065720e+001
  300. 9.83344421e+001
  300. 1.05362312e+002
  300. 1.12390182e+002
  300. 1.19173584e+002
  300. 1.26060760e+002
  300. 1.33088623e+002
  300. 1.40087692e+002
  300. 1.47002151e+002
  300. 1.53922562e+002
  300. 1.60854813e+002
  300. 1.67827545e+002
  300. 1.74621353e+002
  300. 1.81594055e+002
  300. 1.88297363e+002
  300. 1.95301865e+002
  300. 2.02282028e+002
  300. 2.09264862e+002
  300. 2.16255005e+002
  300. 2.23160858e+002
  300. 2.30112701e+002
  300. 2.37140564e+002
  300. 2.44168427e+002
  300. 2.51186218e+002
  300. 2.58061890e+002
  300. 2.65088013e+002
  300. 2.71979401e+002
  300. 2.78947449e+002
  300. 2.85975311e+002
  300. 2.93003174e+002
  300. 3.00031036e+002
  300. 3.07058899e+002
  300. 3.14086761e+002
  300. 3.21114624e+002
  300. 3.28142487e+002
  300. 3.35170349e+002
  300. 3.42075104e+002
  300. 3.49033539e+002
  300. 3.55986938e+002
  300. 3.62952850e+002
  300. 3.69776428e+002
  300. 3.76521759e+002
  300. 3.83135406e+002
  300. 3.90163269e+002
  300. 3.97191132e+002
  300. 4.04218994e+002
  300. 4.11246857e+002
  300. 4.18274719e+002
  300. 4.25302582e+002
  300. 4.32330444e+002
  300. 4.39358307e+002
  300. 4.46386169e+002
  300. 4.52999817e+002
</Path2D>
</opencv_storage>
