<?xml version="1.0"?>
<opencv_storage>
<Parameter>
  <Count>64</Count></Parameter>
<Path2D>
  295. 14. 295. 2.10278702e+001 295. 2.80557404e+001 295.
  3.50836105e+001 295. 4.21114807e+001 295. 4.91393509e+001 295.
  5.61672211e+001 295. 6.31950912e+001 295. 7.02229614e+001 295.
  7.72508316e+001 295. 8.42787018e+001 295. 9.13065720e+001 295.
  9.83344421e+001 295. 1.05362312e+002 295. 1.12390182e+002
  2.96269440e+002 1.19173584e+002 297. 1.26060760e+002 297.
  1.33088623e+002 2.97347961e+002 1.40087692e+002 2.98600433e+002
  1.47002151e+002 2.99820435e+002 1.53922562e+002 3.00975800e+002
  1.60854813e+002 3.01853455e+002 1.67827545e+002 3.03606110e+002
  1.74621353e+002 304. 1.81594055e+002 306. 1.88297363e+002
  3.06328827e+002 1.95301865e+002 307. 2.02282028e+002 3.07544159e+002
  2.09264862e+002 308. 2.16255005e+002 3.09232178e+002 2.23160858e+002
  310. 2.30112701e+002 310. 2.37140564e+002 310. 2.44168427e+002
  3.10062073e+002 2.51186218e+002 311. 2.58061890e+002 3.11017609e+002
  2.65088013e+002 3.12395874e+002 2.71979401e+002 313. 2.78947449e+002
  313. 2.85975311e+002 313. 2.93003174e+002 313. 3.00031036e+002 313.
  3.07058899e+002 313. 3.14086761e+002 313. 3.21114624e+002 313.
  3.28142487e+002 313. 3.35170349e+002 314. 3.42075104e+002
  3.14838928e+002 3.49033539e+002 3.15496735e+002 3.55986938e+002 316.
  3.62952850e+002 3.17258820e+002 3.69776428e+002 319. 3.76521759e+002
  320. 3.83135406e+002 320. 3.90163269e+002 320. 3.97191132e+002 320.
  4.04218994e+002 320. 4.11246857e+002 320. 4.18274719e+002 320.
  4.25302582e+002 320. 4.32330444e+002 320. 4.39358307e+002 320.
  4.46386169e+002 321. 4.52999817e+002</Path2D>
</opencv_storage>
