<?xml version="1.0"?>
<opencv_storage>
<Parameter>
  <Count>64</Count></Parameter>
<Path2D>
  131. 25. 1.44972031e+002 2.86573429e+001 1.58489059e+002
  3.40934410e+001 1.71701157e+002 4.03505783e+001 1.84877213e+002
  4.67232056e+001 1.98569809e+002 5.18566017e+001 2.11412033e+002
  5.88472252e+001 2.25013214e+002 6.40066071e+001 2.38233673e+002
  7.02880325e+001 2.51188019e+002 7.70854645e+001 2.64471130e+002
  8.32355652e+001 2.77564941e+002 8.97824707e+001 2.90136017e+002
  9.72816162e+001 3.03187805e+002 1.03729271e+002 3.16499634e+002
  1.09749817e+002 3.28981995e+002 1.17325325e+002 3.42203461e+002
  1.23601730e+002 3.55297272e+002 1.30148636e+002 3.68391083e+002
  1.36695541e+002 3.81600464e+002 1.43000214e+002 3.95105225e+002
  1.48642090e+002 4.08166504e+002 1.55238007e+002 4.21689728e+002
  1.60606918e+002 4.34762909e+002 1.67105164e+002 4.48291321e+002
  1.72696274e+002 4.61373993e+002 1.78729004e+002 4.74482117e+002
  1.84805786e+002 4.86238037e+002 193. 4.97529175e+002 2.00529175e+002
  5.09985565e+002 2.07138733e+002 5.23585022e+002 2.12396255e+002
  5.37515625e+002 216. 5.35154785e+002 2.27767838e+002 5.24579163e+002
  2.37565613e+002 5.12794922e+002 2.46205093e+002 5.01960022e+002
  2.56026642e+002 4.90098602e+002 2.64589996e+002 4.77812958e+002
  2.72512238e+002 4.65726868e+002 2.80763885e+002 4.53099396e+002
  2.88166992e+002 4.40785980e+002 2.96049805e+002 4.28133698e+002
  3.03381622e+002 4.15169891e+002 3.10146729e+002 4.02413177e+002
  3.17260803e+002 3.89393127e+002 3.23879303e+002 3.76485077e+002
  3.30757446e+002 3.63829285e+002 3.38085358e+002 3.50535065e+002
  3.44185974e+002 3.37883423e+002 3.51411041e+002 3.25342682e+002
  3.58844574e+002 3.12807495e+002 3.66196655e+002 3.00906372e+002
  3.74624939e+002 2.88120239e+002 3.81752594e+002 2.75166504e+002
  3.88555664e+002 2.62379059e+002 3.95386292e+002 2.49088150e+002
  4.01303955e+002 2.35458572e+002 4.06616577e+002 2.21917892e+002
  4.12178040e+002 2.08248489e+002 4.17167664e+002 1.95323456e+002
  4.22676544e+002 1.83791016e+002 4.28208984e+002 1.72640167e+002
  4.36906555e+002 1.60164719e+002 4.43958832e+002 148. 451.</Path2D>
</opencv_storage>
