<?xml version="1.0"?>
<opencv_storage>
<Parameter>
  <Count>64</Count></Parameter>
<Path2D>
  239. 17. 2.48083176e+002 2.22499027e+001 2.58082275e+002
  2.50274296e+001 2.68060760e+002 2.86243095e+001 2.77370972e+002
  3.36854935e+001 2.87421539e+002 3.67107620e+001 2.97096039e+002
  4.10480194e+001 3.06400970e+002 4.61256065e+001 3.15221680e+002
  5.20154762e+001 3.23528992e+002 5.86074867e+001 3.32903809e+002
  6.35422897e+001 3.42065735e+002 6.88947144e+001 3.51048737e+002
  7.45243683e+001 3.59805206e+002 8.04441757e+001 3.68944305e+002
  8.56295471e+001 3.77773529e+002 9.15156937e+001 3.86683655e+002
  9.72627487e+001 3.94235474e+002 1.04647308e+002 4.00791748e+002
  1.12989693e+002 4.06448822e+002 1.21897629e+002 407. 1.32378937e+002
  4.06632202e+002 1.42919525e+002 4.01971466e+002 1.52399933e+002
  3.95635986e+002 1.60485352e+002 3.88603149e+002 1.68396866e+002
  3.80193237e+002 1.74855072e+002 3.72215424e+002 1.81827652e+002
  3.62981873e+002 1.87012085e+002 3.54429291e+002 1.93253647e+002
  3.44666260e+002 1.97381058e+002 3.34875366e+002 2.01291458e+002
  3.25399689e+002 2.06044586e+002 3.15500702e+002 2.09833099e+002
  3.05793213e+002 2.14051697e+002 2.96424042e+002 2.18717300e+002
  2.87594818e+002 2.24603455e+002 2.78702972e+002 2.30297028e+002
  2.72234772e+002 2.38608704e+002 267. 2.47344849e+002 263.
  2.56745148e+002 263. 2.67356567e+002 263. 2.77967987e+002
  2.63506195e+002 2.88543427e+002 2.67532379e+002 2.98181671e+002
  2.69832092e+002 3.08412323e+002 2.74864563e+002 3.17729095e+002
  2.80524384e+002 3.26667664e+002 2.86975098e+002 3.34975098e+002
  2.94258636e+002 3.42606903e+002 3.02445984e+002 3.49356781e+002
  3.11149719e+002 3.55371246e+002 3.19963531e+002 3.61259644e+002
  3.28917786e+002 3.66945190e+002 3.37620514e+002 3.73014648e+002
  3.46699127e+002 3.77699127e+002 3.55527405e+002 3.83263702e+002
  3.64721954e+002 3.88291473e+002 3.74324738e+002 3.92331177e+002
  3.84672546e+002 3.94668152e+002 3.94753815e+002 3.97901520e+002
  4.05060883e+002 400. 4.13702972e+002 4.04351501e+002 4.22901520e+002
  4.08901520e+002 430. 414.</Path2D>
</opencv_storage>
