<?xml version="1.0"?>
<opencv_storage>
<Parameter>
  <Count>64</Count></Parameter>
<Path2D>
  18. 21. 4.96439056e+001 23. 8.17020264e+001 24. 1.13464554e+002
  2.68215179e+001 1.45468475e+002 29. 1.77332504e+002 3.20665016e+001
  2.09120041e+002 34. 2.04607697e+002 6.15692406e+001 1.91915436e+002
  9.07959518e+001 1.78882828e+002 1.20195282e+002 1.61901108e+002
  1.47465195e+002 1.44933517e+002 1.74132950e+002 1.30321213e+002
  2.02357574e+002 1.14193024e+002 2.29227905e+002 9.52591553e+001
  2.54160568e+002 76. 2.78450073e+002 6.14946518e+001 3.04010681e+002
  4.47463379e+001 3.27507324e+002 4.28977165e+001 3.20102295e+002
  5.66636238e+001 2.93672760e+002 69. 2.65271698e+002 8.45075760e+001
  2.39984848e+002 101. 2.16421173e+002 1.23968475e+002 2.17984238e+002
  1.43464325e+002 242. 1.60009766e+002 2.68019531e+002 176.
  2.93000122e+002 1.87201492e+002 3.21402985e+002 1.99264359e+002
  3.10735657e+002 213. 2.82513489e+002 2.24937103e+002 2.53188675e+002
  2.38044815e+002 2.23865555e+002 2.51675003e+002 1.94812500e+002
  2.63644897e+002 1.65032669e+002 273. 1.35444626e+002 281.
  1.05685898e+002 287. 7.44737854e+001 2.92226593e+002 4.35468407e+001
  3.19518066e+002 3.83795128e+001 3.51735870e+002 39. 3.84030060e+002
  39. 4.15910034e+002 38. 4.48204224e+002 38. 480. 3.84984131e+001
  4.65270416e+002 6.70050507e+001 4.53757568e+002 9.66061172e+001
  4.40696808e+002 1.25909592e+002 4.28263000e+002 1.55211044e+002
  4.14816376e+002 1.84183624e+002 4.01978638e+002 2.13064102e+002
  3.87983368e+002 2.42024948e+002 3.71637085e+002 2.69088776e+002
  3.53716919e+002 2.95283081e+002 3.33028961e+002 3.18976837e+002
  3.21792389e+002 3.30811401e+002 3.34108582e+002 3.01782867e+002
  3.52334015e+002 2.75331940e+002 3.73133331e+002 2.51866669e+002
  3.93055908e+002 230. 4.14927124e+002 2.52712555e+002 4.33077881e+002
  2.78770508e+002 4.50215607e+002 3.03287476e+002 4.69281891e+002 324.
  4.88999969e+002 345.</Path2D>
</opencv_storage>
