<?xml version="1.0"?>
<opencv_storage>
<Parameter>
  <Count>64</Count></Parameter>
<Path2D>
  462. 19. 4.46051239e+002 2.19829159e+001 4.30242218e+002
  2.66894436e+001 4.13794830e+002 2.74205170e+001 3.97537231e+002
  3.01156902e+001 3.81210571e+002 32. 3.65488922e+002 3.68370285e+001
  3.49889252e+002 4.20276871e+001 3.34140594e+002 4.61718788e+001
  3.19189056e+002 5.27761192e+001 3.04304443e+002 5.98173332e+001
  2.90199371e+002 6.82004089e+001 2.76086823e+002 7.67479095e+001
  2.61412750e+002 8.42936249e+001 2.48656845e+002 9.46745300e+001
  2.35089706e+002 1.03910294e+002 2.22049133e+002 1.13960693e+002
  2.09063995e+002 1.24148811e+002 203. 1.38943237e+002 203.
  1.55449844e+002 2.09720963e+002 1.69651199e+002 2.21820541e+002
  1.80820541e+002 2.36639664e+002 1.87655869e+002 2.52607300e+002 191.
  2.68886566e+002 1.93412369e+002 2.85351410e+002 194. 3.01809082e+002
  1.94980911e+002 3.18243652e+002 196. 3.34750244e+002 196.
  3.51256836e+002 196. 3.67763428e+002 196. 380. 1.89208679e+002
  3.69766571e+002 181. 3.53383087e+002 180. 3.36876495e+002 180.
  3.20369904e+002 180. 3.04371704e+002 1.82438049e+002 2.88020569e+002
  1.84139923e+002 2.71575104e+002 185. 2.55670029e+002 1.89197983e+002
  2.42174423e+002 1.97825577e+002 2.32587326e+002 2.11031693e+002
  2.25955978e+002 2.26132080e+002 2.19317261e+002 2.41048203e+002 215.
  2.56696106e+002 212. 2.72694427e+002 2.13028687e+002 2.89114746e+002
  2.16590317e+002 3.05180634e+002 2.25164078e+002 3.19164063e+002
  2.37525009e+002 3.30019989e+002 2.51945648e+002 3.37479614e+002
  2.67155304e+002 3.43701172e+002 2.83102600e+002 3.47930786e+002
  2.99005035e+002 3.52286438e+002 3.14821625e+002 3.56424622e+002
  3.31157074e+002 3.58701569e+002 3.47437286e+002 3.61287445e+002
  3.63689575e+002 3.64137909e+002 3.79941315e+002 3.66991608e+002
  3.96348053e+002 3.68793518e+002 4.12456635e+002 371. 4.28831696e+002
  3.72118805e+002 4.45187134e+002 3.74046783e+002 4.60999939e+002
  3.76999939e+002</Path2D>
</opencv_storage>
