<?xml version="1.0"?>
<opencv_storage>
<Parameter>
  <Count>64</Count></Parameter>
<Path2D>
  244. 11. 2.37145721e+002 3.07085705e+001 234. 5.34062614e+001 234.
  7.79667816e+001 236. 1.02202744e+002 236. 1.26763268e+002 236.
  1.51323792e+002 236. 1.75884308e+002 237. 2.00282547e+002 237.
  2.24843063e+002 239. 2.48575150e+002 240. 2.72973389e+002
  2.42870239e+002 2.96805359e+002 243. 3.21326599e+002 242.
  3.45724854e+002 240. 3.69679810e+002 240. 3.94240326e+002 240.
  4.18800842e+002 241. 4.42947144e+002 2.41096420e+002 4.54289246e+002
  233. 4.32806152e+002 230. 4.09087250e+002 227. 3.86355164e+002 226.
  3.62208862e+002 226. 3.37648346e+002 226. 3.13087830e+002 226.
  2.88527313e+002 226. 2.63966797e+002 227. 2.39820496e+002 227.
  2.15259979e+002 2.50886322e+002 216. 2.75032623e+002 215.
  2.99593140e+002 215. 3.24153656e+002 215. 3.48714172e+002 215.
  3.73194244e+002 2.14805756e+002 395. 2.10993210e+002 395.
  1.86432693e+002 395. 1.61872177e+002 395. 1.37311661e+002 395.
  1.12751137e+002 395. 8.81906128e+001 391. 6.49306564e+001
  3.90554626e+002 4.05546188e+001 3.85707642e+002 1.74152699e+001 379.
  1.37421303e+001 379. 3.83026505e+001 379. 6.28631706e+001
  3.80005249e+002 8.70078888e+001 3.83689117e+002 1.10756508e+002 388.
  1.34406357e+002 390. 1.58316589e+002 390. 1.82877106e+002 389.
  2.07023407e+002 389. 2.31583923e+002 3.86073547e+002 2.55705841e+002
  386. 2.80257294e+002 389. 3.03419464e+002 390. 3.27743927e+002 389.
  3.52205414e+002 389. 3.76765930e+002 390. 4.01164185e+002
  3.89581696e+002 4.25673218e+002 387. 4.48999847e+002</Path2D>
</opencv_storage>
