<?xml version="1.0"?>
<opencv_storage>
<Parameter>
  <Count>64</Count></Parameter>
<Path2D>
  165. 199. 1.85381348e+002 200. 2.06762695e+002 200. 2.28144043e+002
  200. 2.49525391e+002 200. 2.70906738e+002 200. 2.92288086e+002 200.
  3.13669434e+002 200. 3.35050781e+002 200. 3.56432129e+002 200.
  3.77813477e+002 200. 3.69203522e+002 202. 3.49333374e+002
  2.05916656e+002 3.28661835e+002 2.10169083e+002 3.07737946e+002 213.
  2.86356598e+002 213. 2.64975250e+002 213. 2.43666061e+002
  2.13444641e+002 2.23009247e+002 217. 2.02514252e+002 220.
  1.81368973e+002 221. 1.66012375e+002 221. 1.87231445e+002 220.
  2.08612793e+002 220. 2.29994141e+002 220. 2.51375488e+002 220.
  2.72756836e+002 220. 2.94138184e+002 220. 3.15519531e+002 220.
  3.36900879e+002 220. 3.58282227e+002 220. 3.79663574e+002 220. 392.
  2.10369293e+002 391. 1.89150223e+002 391. 1.67768875e+002 391.
  1.46387527e+002 388. 1.25714378e+002 386. 1.04731377e+002 386.
  8.33500290e+001 386. 6.19686775e+001 386. 4.05873260e+001 383.
  2.02704697e+001 381. 2.16966667e+001 378. 4.14277344e+001 378.
  6.28090858e+001 378. 8.41904373e+001 379. 1.05335724e+002 382.
  1.26008873e+002 382. 1.47390228e+002 382. 1.68771576e+002 382.
  1.90152924e+002 382. 2.11534271e+002 382. 2.32915619e+002 382.
  2.54296967e+002 382. 2.75678314e+002 3.84525360e+002 2.96576080e+002
  388. 3.17172211e+002 389. 3.38317505e+002 3.92450439e+002
  3.58801788e+002 393. 3.80115479e+002 393. 4.01496826e+002 394.
  4.22463959e+002 3.96007538e+002 4.43015106e+002 398. 4.63999878e+002</Path2D>
</opencv_storage>
