<?xml version="1.0"?>
<opencv_storage>
<Parameter>
  <Count>64</Count></Parameter>
<Path2D>
  14. 18. 4.54437103e+001 25. 7.89752197e+001 27. 1.12736725e+002 28.
  1.46512024e+002 29. 1.80266663e+002 30. 2.14012482e+002 31.
  2.47704865e+002 33. 2.81199066e+002 3.68199043e+001 3.14970001e+002
  3.78154526e+001 3.48778534e+002 38. 3.82349213e+002 40.
  4.16166107e+002 40. 4.49983002e+002 40. 4.83799896e+002 40.
  5.17371765e+002 42. 5.51181396e+002 4.20518265e+001 5.84479248e+002
  46. 604. 6.10600739e+001 5.93254639e+002 9.01635895e+001 582.
  1.20413895e+002 581. 1.53994720e+002 584. 1.87250992e+002 587.
  2.20472641e+002 5.62710449e+002 230. 5.29016663e+002 231.
  4.95397949e+002 2.30433670e+002 4.61772949e+002 233. 4.27993195e+002
  2.33818802e+002 3.94234406e+002 235. 3.60751251e+002 2.38562180e+002
  3.27746918e+002 244. 2.94342987e+002 2.48109497e+002 2.60599792e+002
  249. 2.26988770e+002 247. 1.93171875e+002 247. 1.59679535e+002 245.
  1.25862640e+002 245. 9.20457458e+001 245. 5.85057907e+001 242. 49.
  2.58182098e+002 49. 2.91998993e+002 50. 3.25401672e+002 51.
  3.58804352e+002 50. 3.92207031e+002 47. 4.23023926e+002 49.
  4.55426605e+002 8.16335602e+001 460. 1.15450455e+002 460.
  1.48869003e+002 462. 1.82685898e+002 462. 2.16420029e+002 461.
  2.50236923e+002 461. 2.83049927e+002 457. 3.15744415e+002 453.
  3.49113647e+002 450. 3.82694458e+002 449. 4.16388245e+002 448.
  4.49845978e+002 450. 4.83611145e+002 4.50522217e+002 5.17021545e+002
  453. 5.50602356e+002 454. 5.84419250e+002 454. 616. 455.</Path2D>
</opencv_storage>
