<?xml version="1.0"?>
<opencv_storage>
<Parameter>
  <Count>64</Count></Parameter>
<Path2D>
  308. 33. 2.84451996e+002 33. 2.61019714e+002 3.34901466e+001
  2.39074493e+002 4.04627533e+001 2.16584702e+002 4.69435349e+001
  1.94898987e+002 5.47752533e+001 1.74421463e+002 6.35261803e+001
  1.56929337e+002 7.80530014e+001 1.40337677e+002 9.43246536e+001
  1.24108047e+002 1.10486588e+002 1.08362953e+002 1.27637047e+002
  9.86607819e+001 1.48017654e+002 9.00426788e+001 1.69871964e+002
  8.38014679e+001 1.92397064e+002 7.29748077e+001 2.12781494e+002
  6.39490547e+001 2.34254730e+002 59. 2.56594940e+002 59.
  2.80142944e+002 59. 3.03690948e+002 59. 3.27238953e+002
  6.05137672e+001 3.50541290e+002 7.14978180e+001 3.71163025e+002
  8.48241959e+001 388. 1.03528427e+002 400. 1.25328323e+002
  4.08331329e+002 1.47478302e+002 4.15119568e+002 1.70051071e+002 420.
  1.92775833e+002 4.23955170e+002 2.15852661e+002 4.27836090e+002
  2.39131577e+002 4.30710510e+002 2.62217590e+002 4.34369598e+002
  2.85408539e+002 438. 3.08741852e+002 4.40053741e+002 3.32114899e+002
  442. 3.55092133e+002 446. 3.78640137e+002 446. 4.01614899e+002
  4.42477020e+002 4.24709045e+002 4.38613007e+002 4.47735321e+002 434.
  4.70682465e+002 4.29421814e+002 4.91348358e+002 4.18651642e+002
  5.08928253e+002 4.03071747e+002 5.26018799e+002 3.86962433e+002
  5.35691467e+002 3.65925690e+002 5.43913025e+002 3.44260895e+002
  5.47738342e+002 3.21308380e+002 548. 2.97786285e+002 548.
  2.74238281e+002 548. 2.50690277e+002 548. 2.27142273e+002 548.
  2.03594269e+002 5.43468506e+002 1.80671219e+002 5.37010681e+002
  1.58526657e+002 5.27967651e+002 1.36902939e+002 5.16840881e+002
  1.16801132e+002 5.03515991e+002 9.80106659e+001 4.86880798e+002
  8.19205246e+001 4.66860657e+002 6.98606720e+001 4.46925720e+002
  5.89628525e+001 4.26382446e+002 4.82549553e+001 4.04060394e+002
  4.26868019e+001 3.81095978e+002 40. 3.58547974e+002 39. 335. 39.</Path2D>
</opencv_storage>
