<?xml version="1.0"?>
<opencv_storage>
<Parameter>
  <Count>64</Count></Parameter>
<Path2D>
  21. 22. 5.38128662e+001 24. 8.72022247e+001 24. 1.20591583e+002 24.
  1.53898178e+002 25. 1.87125259e+002 26. 2.20514618e+002 26.
  2.53903976e+002 26. 2.87293335e+002 26. 3.20520416e+002 27.
  3.53909760e+002 27. 3.87200104e+002 28. 4.20466370e+002 29.
  4.53855713e+002 29. 4.87245056e+002 29. 5.20634399e+002 29.
  5.54023743e+002 29. 5.87413086e+002 29. 5.86197266e+002
  4.36020432e+001 5.61831116e+002 6.61266632e+001 5.36466370e+002
  8.75336075e+001 5.11554352e+002 1.09445648e+002 4.84652039e+002
  1.29078369e+002 4.57167114e+002 1.47860748e+002 4.30212036e+002
  1.67393982e+002 4.02779785e+002 1.85976181e+002 3.78854492e+002
  2.08909195e+002 3.58093323e+002 2.34906693e+002 3.31742126e+002
  2.54754730e+002 3.04327423e+002 2.73115051e+002 2.75707153e+002
  2.89219635e+002 2.46892029e+002 3.05664795e+002 2.17625275e+002
  3.21424835e+002 1.88571167e+002 3.37714417e+002 1.60523407e+002
  3.54317719e+002 1.33828812e+002 3.72171204e+002 1.07893806e+002
  3.90159302e+002 8.41430893e+001 4.07856903e+002 5.61290588e+001
  4.21435486e+002 3.15754070e+001 4.37849182e+002 3.13078136e+001
  4.31038269e+002 5.32235413e+001 4.06184296e+002 7.92037048e+001
  3.85372681e+002 1.06738289e+002 3.66578125e+002 1.35106918e+002
  3.49066498e+002 1.63946243e+002 3.32621490e+002 1.91220245e+002
  3.14389862e+002 2.18548798e+002 2.95338409e+002 2.45596313e+002
  2.76802765e+002 2.71440643e+002 2.56279694e+002 2.97456024e+002
  2.36362640e+002 3.23951569e+002 2.23975784e+002 3.48871582e+002
  2.44914398e+002 3.75039856e+002 2.65359894e+002 4.02472900e+002
  2.83472900e+002 4.27739105e+002 3.03554321e+002 4.49404144e+002
  3.27538849e+002 4.69265350e+002 3.52530701e+002 4.91930359e+002
  3.75930359e+002 5.17409241e+002 3.95606171e+002 5.42368469e+002
  4.15122833e+002 5.70735046e+002 4.31735046e+002 5.96046753e+002 449.
  6.22999939e+002 462.</Path2D>
</opencv_storage>
