<?xml version="1.0"?>
<opencv_storage>
<Parameter>
  <Count>64</Count></Parameter>
<Path2D>
  309. 16. 312. 5.00070457e+001 313. 8.56064529e+001 313.
  1.21441925e+002 2.83136810e+002 126. 2.47896576e+002 129.
  2.12061111e+002 129. 1.76225647e+002 129. 1.40390182e+002 129.
  1.04554710e+002 129. 6.87192383e+001 129. 3.28837662e+001 129.
  5.73014221e+001 126. 9.31368942e+001 126. 1.28972366e+002 126.
  1.64807831e+002 126. 2.00643295e+002 126. 2.36478760e+002 126.
  2.72314240e+002 126. 3.08149719e+002 126. 3.43985199e+002 126.
  3.79820679e+002 126. 4.15656158e+002 126. 4.51368530e+002 125.
  4.86598450e+002 123. 5.22433899e+002 123. 5.58033325e+002 124.
  5.78778259e+002 1.30416306e+002 5.50596069e+002 1.52173111e+002
  5.19088013e+002 1.68941330e+002 4.87582642e+002 1.85708679e+002
  4.56803314e+002 2.03872940e+002 4.26763092e+002 2.23203064e+002
  3.96394989e+002 2.41403351e+002 3.65402832e+002 2.59298584e+002
  3.35372162e+002 2.76651154e+002 3.03809875e+002 2.93126740e+002
  2.71789795e+002 3.07605103e+002 2.40629349e+002 3.24790222e+002
  2.09946396e+002 3.42210724e+002 1.78000778e+002 3.55999207e+002
  1.48155777e+002 3.72844208e+002 1.19212318e+002 3.91893829e+002
  8.96992874e+001 4.09150360e+002 5.97187614e+001 4.26640625e+002
  3.70597572e+001 4.39293488e+002 6.53759079e+001 4.17624084e+002
  9.40961685e+001 3.96951904e+002 1.24326721e+002 3.77920807e+002
  1.55259598e+002 3.60160278e+002 1.85955170e+002 3.42217926e+002
  2.17141510e+002 3.26214630e+002 2.48808212e+002 312. 2.79411407e+002
  2.98294281e+002 3.08864319e+002 2.82067841e+002 3.37810303e+002
  2.88405151e+002 3.67562683e+002 3.07781342e+002 3.92803284e+002
  3.30803284e+002 4.15854523e+002 3.56854523e+002 4.43966309e+002
  3.78288422e+002 4.70126923e+002 4.02063477e+002 4.99213043e+002
  4.21213043e+002 5.26627991e+002 4.39627960e+002 555. 455.</Path2D>
</opencv_storage>
