<?xml version="1.0"?>
<opencv_storage>
<Parameter>
  <Count>64</Count></Parameter>
<Path2D>
  284. 9. 284. 2.20587368e+001 284. 3.51174736e+001 284. 4.81762085e+001
  284. 6.12349434e+001 285. 7.32936783e+001 285. 8.63524170e+001 285.
  9.94111557e+001 285. 1.12469894e+002 285. 1.25528633e+002 285.
  1.38587372e+002 285. 1.51646103e+002 285. 1.64704834e+002 284.
  1.77349350e+002 281. 1.89812851e+002 281. 2.02871582e+002 281.
  2.15930313e+002 281. 2.28989044e+002 281. 2.42047775e+002 281.
  2.55106506e+002 281. 2.68165253e+002 281. 2.81223999e+002 281.
  2.94282745e+002 281. 3.07341492e+002 2.79631866e+002 3.20104431e+002
  279. 3.33060638e+002 279. 3.46119385e+002 279. 3.59178131e+002 279.
  3.72236877e+002 279. 3.85295624e+002 278. 3.97940155e+002
  2.77293671e+002 4.10706329e+002 277. 4.23643433e+002 277.
  4.36702179e+002 277. 4.49760925e+002 277. 4.59180328e+002 277.
  4.46121582e+002 277. 4.33062836e+002 278. 4.20418304e+002
  2.78452850e+002 4.07547150e+002 282. 3.95414642e+002 282.
  3.82355896e+002 282. 3.69297150e+002 282. 3.56238403e+002 283.
  3.44179657e+002 2.84779449e+002 3.31661621e+002 2.85255493e+002
  3.18744507e+002 288. 3.06599701e+002 290. 2.94013092e+002 292.
  2.81530853e+002 293. 2.68886322e+002 295. 2.56656006e+002 298.
  2.45173767e+002 3.06884979e+002 241. 3.19943726e+002 241.
  3.33002472e+002 241. 3.45061218e+002 240. 3.57001709e+002
  2.38499146e+002 3.69942627e+002 238. 3.83001373e+002 238.
  3.95060120e+002 239. 4.08118866e+002 239. 4.19941528e+002 241. 433.
  241.</Path2D>
</opencv_storage>
