<?xml version="1.0"?>
<opencv_storage>
<Parameter>
  <Count>64</Count></Parameter>
<Path2D>
  175. 183. 1.94952179e+002 183. 2.16140427e+002 183. 2.37328674e+002
  183. 2.58516937e+002 183. 2.79705200e+002 183. 3.00893463e+002 183.
  3.22081726e+002 183. 335. 1.91269974e+002 335. 2.12458221e+002 335.
  2.33646469e+002 336. 2.54598648e+002 336. 2.75786896e+002
  3.16024841e+002 277. 2.95221741e+002 279. 2.74368591e+002 281.
  2.53180344e+002 281. 2.32154373e+002 282. 2.10966125e+002 282.
  1.89777878e+002 282. 1.79248093e+002 281. 1.99808655e+002
  2.79095673e+002 2.20974319e+002 279. 2.42162567e+002 279.
  2.63350830e+002 279. 2.84303009e+002 278. 3.05491272e+002 278.
  3.26237305e+002 2.76881348e+002 344. 2.72196716e+002 344.
  2.51008469e+002 342. 2.30292358e+002 3.38424103e+002 2.09696457e+002
  336. 1.88958755e+002 3.36072571e+002 1.67782288e+002 340.
  1.47378952e+002 343. 1.26698975e+002 349. 1.07269257e+002
  3.56528870e+002 8.84133682e+001 360. 6.80097733e+001 361.
  4.72357368e+001 355. 2.85841179e+001 349. 1.18680038e+001
  3.44433716e+002 2.02651634e+001 3.41343689e+002 4.09689598e+001 341.
  6.21014366e+001 3.39386658e+002 8.30666733e+001 338. 1.04054359e+002
  338. 1.25242607e+002 338. 1.46430862e+002 338. 1.67619110e+002
  3.37638947e+002 1.88722122e+002 335. 2.09222214e+002 335.
  2.30410461e+002 335. 2.51598709e+002 334. 2.72372742e+002 334.
  2.93561005e+002 334. 3.14749268e+002 335. 3.35701447e+002 335.
  3.56889709e+002 336. 3.77978943e+002 3.39531372e+002 3.98594116e+002
  3.40444916e+002 4.19669495e+002 341. 4.40811798e+002 341. 462.</Path2D>
</opencv_storage>
