<?xml version="1.0"?>
<opencv_storage>
<Parameter>
  <Count>64</Count></Parameter>
<Path2D>
  310. 110. 310. 1.26841927e+002 3.10683868e+002 143. 312.
  1.59289734e+002 312. 1.76131668e+002 311. 1.92737534e+002 311.
  2.09579468e+002 310. 2.26185333e+002 309. 2.42864990e+002
  3.02121521e+002 254. 2.85871521e+002 2.56419006e+002 2.69742828e+002
  259. 2.52900894e+002 259. 2.36826797e+002 262. 2.19984863e+002 262.
  2.03142929e+002 262. 1.86300995e+002 262. 1.69459061e+002 262.
  1.52617126e+002 262. 1.35775192e+002 262. 1.18933266e+002 262.
  1.02174103e+002 261. 8.53321762e+001 261. 6.84902496e+001 261.
  5.16483231e+001 261. 3.48063965e+001 261. 1.89644680e+001 260.
  2.58774605e+001 260. 4.27193871e+001 260. 5.93969116e+001
  2.59603088e+002 7.53387527e+001 257. 9.21806793e+001 257.
  1.09022606e+002 257. 1.25864532e+002 257. 1.42656036e+002
  2.56390656e+002 1.59264313e+002 2.53622620e+002 1.76054718e+002 253.
  1.92797623e+002 252. 2.09639557e+002 252. 2.26481491e+002 252.
  2.43323425e+002 252. 2.60165344e+002 252. 2.77007263e+002 252.
  2.93849182e+002 252. 3.10691101e+002 252. 3.27533020e+002 252.
  3.44261353e+002 2.50869324e+002 3.60661987e+002 249. 3.77503906e+002
  249. 3.94345825e+002 249. 4.11187744e+002 249. 4.28029663e+002 249.
  4.44871582e+002 249. 4.61713501e+002 249. 4.78555420e+002 249.
  4.94822571e+002 2.52803757e+002 5.11565491e+002 254. 5.28407410e+002
  254. 5.44924805e+002 252. 5.61530640e+002 251. 5.78372559e+002 251.
  5.94730286e+002 254. 6.11572205e+002 254. 6.27999939e+002 255.</Path2D>
</opencv_storage>
