<?xml version="1.0"?>
<opencv_storage>
<Parameter>
  <Count>64</Count></Parameter>
<Path2D>
  593. 31. 5.75542664e+002 4.34857864e+001 5.56954956e+002
  5.50225220e+001 5.38803833e+002 6.75980988e+001 5.19601746e+002
  7.85545731e+001 4.99558228e+002 8.77208786e+001 4.79488098e+002
  9.70508652e+001 4.59425232e+002 1.06374916e+002 4.39746887e+002
  1.16309608e+002 4.20496613e+002 1.27232338e+002 4.01139832e+002
  1.37802124e+002 3.81539368e+002 1.47876389e+002 3.61950745e+002
  1.58132996e+002 3.42434998e+002 1.68539001e+002 3.22951019e+002
  1.79030609e+002 3.03993774e+002 1.90433029e+002 2.86160431e+002
  2.03503754e+002 2.66581177e+002 2.13612564e+002 2.46975891e+002
  2.23012054e+002 2.27562210e+002 2.33145935e+002 2.08423508e+002
  2.43788254e+002 1.88596344e+002 2.53467880e+002 1.67773575e+002
  2.60834900e+002 1.47066086e+002 2.68644653e+002 1.51842819e+002
  2.75614288e+002 1.72049515e+002 2.84429718e+002 1.92431198e+002
  2.92651367e+002 2.12357864e+002 3.01973663e+002 2.32318069e+002
  3.11494293e+002 2.52547409e+002 3.20418976e+002 2.72763641e+002
  3.29416534e+002 2.92494263e+002 3.39430664e+002 3.12960724e+002
  3.47840302e+002 3.33639252e+002 3.55658234e+002 3.54394806e+002
  3.63325378e+002 3.75238892e+002 3.70701508e+002 3.96876617e+002
  3.75250458e+002 4.17788330e+002 3.82045624e+002 4.39154724e+002
  3.87359131e+002 4.60357788e+002 3.92119263e+002 4.81520874e+002 397.
  5.02251831e+002 4.04300720e+002 5.22844116e+002 4.10562744e+002
  5.43352356e+002 4.18676178e+002 5.63843140e+002 426. 5.82968811e+002
  4.34984406e+002 593. 4.28962036e+002 5.92806763e+002 4.06840698e+002
  5.86378784e+002 3.85757538e+002 5.81445313e+002 3.64226471e+002 579.
  3.42287079e+002 5.78793762e+002 3.20175140e+002 577. 2.98197784e+002
  577. 2.76060455e+002 577. 2.53923141e+002 577. 2.31785828e+002 577.
  2.09648514e+002 577. 1.87511200e+002 577. 1.65373886e+002
  5.75340332e+002 1.43382462e+002 571. 1.21697319e+002 571.
  9.95599976e+001 573. 7.86587448e+001 5.78999878e+002 6.00000954e+001</Path2D>
</opencv_storage>
