<?xml version="1.0"?>
<opencv_storage>
<Parameter>
  <Count>64</Count></Parameter>
<Path2D>
  46. 34. 7.56098022e+001 34. 1.05219604e+002 34. 1.34829407e+002 34.
  1.64439209e+002 34. 1.93977936e+002 33. 2.23202576e+002 31.
  2.52812378e+002 31. 2.82422180e+002 31. 3.12031982e+002 31.
  3.41641785e+002 31. 3.70966187e+002 33. 3.99432587e+002
  3.96081505e+001 4.27136841e+002 4.90456123e+001 4.54179718e+002
  6.07864723e+001 4.80478333e+002 7.38261108e+001 5.01720001e+002
  9.37200012e+001 516. 1.18526932e+002 5.10174683e+002 1.45650635e+002
  4.90149719e+002 1.66850281e+002 4.65456390e+002 1.82847870e+002
  4.38018463e+002 1.93792618e+002 4.09912964e+002 2.02574890e+002
  3.81703491e+002 2.11518600e+002 3.52783325e+002 2.17043335e+002
  3.23866547e+002 2.23240036e+002 2.94943573e+002 2.28685471e+002
  2.65824036e+002 233. 2.36582382e+002 236. 2.06972580e+002 236.
  1.77430054e+002 2.35715027e+002 1.86528351e+002 220. 2.15639084e+002
  215. 2.44897964e+002 2.11233566e+002 2.74291656e+002 2.07672623e+002
  3.03791382e+002 206. 3.33401184e+002 206. 3.63010986e+002 206.
  3.92620789e+002 206. 4.22071289e+002 2.08306076e+002 4.51034637e+002
  2.13011551e+002 4.78751007e+002 2.21583664e+002 5.04486633e+002
  2.34486649e+002 5.24453613e+002 2.55360870e+002 531. 2.83508820e+002
  535. 3.12587036e+002 5.29654236e+002 3.40691528e+002 5.12708313e+002
  3.63291687e+002 4.89497498e+002 3.80251251e+002 4.62433746e+002
  3.91891571e+002 4.36667328e+002 4.05666351e+002 4.09511108e+002
  4.16244446e+002 3.81405243e+002 4.24370667e+002 3.52618134e+002
  4.29793945e+002 3.23584412e+002 4.33902588e+002 2.94065430e+002 435.
  2.64455627e+002 435. 2.34845825e+002 435. 2.05236023e+002 435.
  1.76024567e+002 433. 1.46577042e+002 432. 1.17990685e+002
  4.26990692e+002 9.02382202e+001 420. 6.50000534e+001 410.</Path2D>
</opencv_storage>
