<?xml version="1.0"?>
<opencv_storage>
<Parameter>
  <Count>64</Count></Parameter>
<Path2D>
  323. 17. 2.99826050e+002 2.97043800e+001 2.75952423e+002
  4.20190315e+001 2.52818207e+002 5.51211967e+001 2.31305588e+002
  7.06944046e+001 2.11088440e+002 8.79115601e+001 1.89471359e+002
  1.03264320e+002 1.67531998e+002 1.18101006e+002 1.46302094e+002
  1.33848953e+002 1.25993721e+002 1.51006271e+002 1.05534447e+002
  1.68232773e+002 8.53868484e+001 1.85613159e+002 6.51473312e+001
  2.02705338e+002 4.33931656e+001 2.16303421e+002 3.62388687e+001 225.
  6.30862045e+001 226. 8.99957962e+001 226. 1.16905388e+002 226.
  1.43781693e+002 227. 1.70691284e+002 227. 1.97559280e+002 228.
  2.24468872e+002 228. 2.51378464e+002 228. 2.78288055e+002 228.
  3.05197662e+002 228. 3.32107269e+002 228. 3.59016876e+002 228.
  3.85926483e+002 228. 4.12836090e+002 228. 4.39690308e+002 229.
  4.66599915e+002 229. 4.93426758e+002 230. 5.20213257e+002 231.
  5.47122864e+002 231. 5.56474670e+002 2.23824890e+002 5.35492065e+002
  2.08492065e+002 5.12772888e+002 1.94329681e+002 4.89978333e+002
  1.80233765e+002 4.68307861e+002 1.64646286e+002 4.46574615e+002
  1.49287308e+002 4.25370422e+002 1.33185211e+002 4.04238403e+002
  1.18476799e+002 3.84838837e+002 1.02838829e+002 3.68833252e+002
  8.38332443e+001 355. 6.31125641e+001 341. 4.39439316e+001
  3.27120148e+002 2.61201363e+001 318. 3.17489834e+001 314.
  5.80878105e+001 314. 8.49974060e+001 314. 1.11906998e+002 314.
  1.38816589e+002 314. 1.65726181e+002 314. 1.92635773e+002 314.
  2.19545364e+002 314. 2.46454956e+002 3.12202057e+002 2.72797943e+002
  310. 2.99225494e+002 307. 3.25500671e+002 306. 3.52174194e+002 305.
  3.78847717e+002 306. 4.05343109e+002 307. 4.32090424e+002 308. 458.</Path2D>
</opencv_storage>
