<?xml version="1.0"?>
<opencv_storage>
<Parameter>
  <Count>64</Count></Parameter>
<Path2D>
  597. 25. 5.71109619e+002 2.99862957e+001 5.44222778e+002 32.
  5.17181274e+002 32. 4.90815277e+002 35. 4.63773773e+002 35.
  4.36815033e+002 36. 4.09773529e+002 36. 3.82732025e+002 36.
  3.55690521e+002 36. 3.28694366e+002 37. 3.01652863e+002 37.
  2.74611359e+002 37. 2.47632111e+002 38. 2.20590607e+002 38.
  1.93549103e+002 38. 1.66669876e+002 39. 1.39628372e+002 39.
  1.12709976e+002 38. 9.34899063e+001 4.39798088e+001 94.
  7.09008942e+001 96. 9.76961823e+001 98. 1.24378510e+002 98.
  1.51420013e+002 101. 1.77619888e+002 101. 2.04661392e+002
  1.19702896e+002 213. 1.46682144e+002 212. 1.73723648e+002 212.
  2.00765152e+002 212. 2.27806656e+002 212. 2.54836456e+002
  2.12257858e+002 2.81844299e+002 213. 3.08862030e+002 2.13429108e+002
  3.35849731e+002 2.14356216e+002 3.62633911e+002 2.17519135e+002
  3.89300323e+002 2.21900055e+002 4.15257019e+002 2.29302811e+002
  4.40797333e+002 2.37599121e+002 4.66659363e+002 2.45282578e+002
  4.91490967e+002 2.55709122e+002 5.16671265e+002 2.64447510e+002
  5.37146790e+002 2.80146790e+002 539. 3.06420654e+002 5.37898865e+002
  3.33202209e+002 5.27726624e+002 3.57273407e+002 5.09257599e+002
  3.76742401e+002 4.88651398e+002 3.92798126e+002 4.66508881e+002
  4.06327423e+002 4.41897491e+002 417. 4.16984009e+002 4.27007996e+002
  3.91702026e+002 435. 3.65283844e+002 4.39452698e+002 3.38517456e+002
  4.42580414e+002 3.12106445e+002 4.46297852e+002 2.85700348e+002 450.
  2.58757874e+002 451. 2.32101532e+002 449. 2.05129776e+002
  4.48018555e+002 1.78651321e+002 443. 1.51692581e+002 442.
  1.25246323e+002 439. 1.02342064e+002 4.28171021e+002 88. 409.</Path2D>
</opencv_storage>
