<?xml version="1.0"?>
<opencv_storage>
<Parameter>
  <Count>64</Count></Parameter>
<Path2D>
  101. 39. 1.13583153e+002 39. 1.26166306e+002 39. 1.38202011e+002 36.
  1.50587204e+002 3.45687981e+001 1.63071793e+002 3.32754593e+001
  1.75552612e+002 32. 1.88135773e+002 32. 2.00718933e+002 32.
  2.13302094e+002 32. 2.25832382e+002 3.26387291e+001 2.38302872e+002
  34. 2.50787003e+002 35. 2.63287384e+002 36. 2.75870544e+002 36.
  2.88453705e+002 36. 3.00946198e+002 3.67365456e+001 3.13496918e+002
  37. 3.25595886e+002 40. 3.38176605e+002 4.00294342e+001
  3.50679443e+002 41. 3.63262604e+002 41. 3.75845764e+002 41.
  3.88428925e+002 41. 4.01012085e+002 41. 4.13564697e+002
  4.11882324e+001 4.26016113e+002 42. 4.38200928e+002 44.
  4.50548004e+002 45. 4.62806610e+002 47. 4.75227478e+002 48.
  4.74764038e+002 5.87078476e+001 4.70347595e+002 7.03048019e+001 469.
  8.25698318e+001 467. 9.45474396e+001 466. 1.06968315e+002 466.
  1.19551468e+002 466. 1.32134628e+002 466. 1.44717789e+002 466.
  1.57300949e+002 466. 1.69884109e+002 467. 1.82231201e+002 467.
  1.94814362e+002 4.67177765e+002 2.07355545e+002 468. 2.19744598e+002
  468. 2.32327759e+002 468. 2.44910919e+002 468. 2.57494080e+002
  4.66018219e+002 2.69908936e+002 4.63743378e+002 2.82283081e+002
  4.61392761e+002 2.94643341e+002 4.59242584e+002 3.07029694e+002 459.
  3.19582977e+002 458. 3.32043030e+002 459. 3.43626190e+002 461.
  3.54209351e+002 462. 3.66630219e+002 4.63437042e+002 3.79059204e+002
  4.64873688e+002 3.91494781e+002 4.66613251e+002 4.03839752e+002
  4.69019379e+002 4.16096924e+002 471. 4.28483948e+002 471.
  4.41067108e+002 473. 4.52999969e+002</Path2D>
</opencv_storage>
