<?xml version="1.0"?>
<opencv_storage>
<Parameter>
  <Count>64</Count></Parameter>
<Path2D>
  467. 106. 4.51787018e+002 8.57870178e+001 4.32355621e+002
  6.81778107e+001 4.11311768e+002 5.37705879e+001 3.85865112e+002
  4.62883720e+001 3.59747375e+002 4.14578972e+001 3.33546326e+002
  3.71821060e+001 3.06942902e+002 36. 2.80147644e+002 36.
  2.53482635e+002 3.70862274e+001 2.27237198e+002 4.17938004e+001
  2.03346405e+002 5.33268013e+001 1.84291504e+002 7.00627441e+001
  1.73171753e+002 9.37423706e+001 169. 1.19407936e+002 1.72870193e+002
  1.45305298e+002 1.85151230e+002 1.68302460e+002 2.01442932e+002
  1.88628616e+002 2.22468735e+002 2.04979156e+002 2.44754242e+002
  2.19169495e+002 2.67904541e+002 2.31936356e+002 2.92798615e+002
  2.41399307e+002 3.17768219e+002 2.50884109e+002 3.42511200e+002
  2.60837067e+002 3.67641022e+002 2.69740387e+002 3.92268982e+002
  2.80053802e+002 4.17502472e+002 2.88800995e+002 4.42257172e+002
  2.98419067e+002 4.66235687e+002 3.10117828e+002 483. 3.28654175e+002
  4.83424377e+002 3.55151276e+002 4.78880096e+002 3.81359711e+002
  4.67665955e+002 4.03889374e+002 4.45497009e+002 4.18001190e+002
  4.20874329e+002 4.27687622e+002 3.96246643e+002 4.36835571e+002
  3.70610626e+002 4.44129791e+002 3.44407501e+002 449. 3.17735352e+002
  450. 2.90940094e+002 450. 2.64227600e+002 449. 2.37564590e+002
  4.47260773e+002 2.12301361e+002 4.40301361e+002 1.89171036e+002
  4.28085510e+002 1.70284271e+002 4.10284271e+002 1.54544876e+002
  3.90089752e+002 150. 3.64427032e+002 1.54330338e+002 3.38669647e+002
  1.65595505e+002 3.15553375e+002 1.82797897e+002 2.95601044e+002
  2.02286758e+002 2.78356628e+002 2.24294815e+002 265. 2.48756729e+002
  255. 2.74051941e+002 2.46649353e+002 2.99512268e+002 2.39395096e+002
  3.24378326e+002 2.30540558e+002 3.49592896e+002 2.22203552e+002
  3.74319122e+002 2.12840439e+002 3.98931641e+002 2.03534180e+002
  4.20839417e+002 1.90160583e+002 4.40529877e+002 1.73470123e+002
  4.56463196e+002 1.54610397e+002 466. 1.35144897e+002 463. 112.</Path2D>
</opencv_storage>
