<?xml version="1.0"?>
<opencv_storage>
<Parameter>
  <Count>64</Count></Parameter>
<Path2D>
  454. 118. 4.40649780e+002 1.07324890e+002 4.24793365e+002 98.
  4.08199219e+002 9.10663986e+001 3.90898621e+002 8.49493179e+001
  3.72732849e+002 8.11465683e+001 3.54537292e+002 7.75124283e+001
  3.36284515e+002 7.40711288e+001 3.17882141e+002 72. 2.99669830e+002
  69. 2.81096436e+002 68. 2.62399933e+002 68. 2.43703430e+002 68.
  2.25006927e+002 68. 2.06310425e+002 68. 1.88174545e+002 71.
  1.70633667e+002 7.53663254e+001 1.57211960e+002 8.63940201e+001
  1.44868362e+002 1.00131638e+002 136. 1.16090210e+002 1.31649918e+002
  1.33700180e+002 130. 1.52080978e+002 129. 1.70541412e+002
  1.30448044e+002 1.88896088e+002 1.38033203e+002 2.04516602e+002
  1.51128815e+002 2.16709610e+002 1.66334381e+002 2.26444794e+002
  1.83192001e+002 2.34298004e+002 2.00537704e+002 2.40884430e+002
  2.18447647e+002 2.46149216e+002 2.36238266e+002 250. 2.54300354e+002
  253. 2.72750641e+002 255. 2.91200928e+002 257. 3.09897430e+002 257.
  3.28494904e+002 256. 3.46603760e+002 2.53198120e+002 3.64091858e+002
  2.47454071e+002 3.79274048e+002 2.38451920e+002 3.92473083e+002
  2.26053802e+002 4.02270630e+002 2.11729355e+002 4.11307922e+002
  1.97038116e+002 4.19425018e+002 1.81149963e+002 428. 1.66540039e+002
  4.35307678e+002 1.50692322e+002 441. 1.33819214e+002 4.45127563e+002
  1.35637894e+002 448. 1.53888840e+002 451. 1.71594635e+002 453.
  1.89819000e+002 454. 2.08101288e+002 454. 2.26797791e+002
  4.53930084e+002 2.45489334e+002 4.52487122e+002 2.64077301e+002
  4.51386230e+002 2.82682709e+002 449. 3.01177155e+002 449.
  3.19873657e+002 449. 3.38570160e+002 447. 3.56616394e+002 447.
  3.75312897e+002 447. 3.94009399e+002 4.46273224e+002 4.12633942e+002
  446. 4.31303406e+002 446. 4.49999908e+002</Path2D>
</opencv_storage>
