<?xml version="1.0"?>
<opencv_storage>
<Parameter>
  <Count>64</Count></Parameter>
<Path2D>
  325. 24. 3.07460175e+002 2.38466053e+001 290. 2.65418491e+001
  2.72955109e+002 3.20149612e+001 2.55574875e+002 38. 2.41288757e+002
  4.63556175e+001 2.26479752e+002 5.66801643e+001 2.12501495e+002
  6.64984970e+001 2.03573669e+002 8.14263229e+001 1.92771820e+002
  9.62281799e+001 183. 1.10806412e+002 1.75554138e+002 1.27168785e+002
  1.68322464e+002 1.44032593e+002 1.61859192e+002 1.61281601e+002
  1.56313751e+002 1.79058762e+002 1.51175476e+002 1.96473557e+002 150.
  2.14960007e+002 148. 2.33312653e+002 147. 2.51753784e+002 147.
  2.70430969e+002 146. 2.88985077e+002 146. 3.07662262e+002 146.
  3.26339447e+002 1.48294037e+002 3.44588074e+002 1.56328064e+002
  3.60656128e+002 1.67547150e+002 3.75273590e+002 1.79447128e+002
  3.89058899e+002 1.94311798e+002 4.00207855e+002 2.10957520e+002
  4.07957520e+002 2.27623535e+002 414. 2.45454727e+002 419.
  2.63571289e+002 422. 2.81311340e+002 4.26862274e+002 2.99217377e+002
  431. 3.17422424e+002 433. 3.36089111e+002 4.32955444e+002
  3.53950867e+002 4.28762268e+002 3.71158356e+002 422. 3.87257385e+002
  4.13871307e+002 4.00581787e+002 4.01418213e+002 4.13140045e+002
  3.87859955e+002 4.23147034e+002 3.72852966e+002 4.28499634e+002
  3.55501099e+002 4.35102936e+002 3.38345581e+002 438. 3.20412140e+002
  440. 3.02020325e+002 442. 2.83628510e+002 442. 2.64951324e+002 443.
  2.46436401e+002 443. 2.27759201e+002 443. 2.09082001e+002
  4.42613098e+002 1.90452438e+002 4.39153412e+002 1.72460236e+002 437.
  1.54069229e+002 4.33481110e+002 1.35962189e+002 4.30149292e+002
  1.18149292e+002 4.24733063e+002 1.01099579e+002 418. 8.47508850e+001
  4.09188934e+002 6.91889191e+001 3.96886108e+002 5.57722015e+001 385.
  4.40255356e+001 3.70866486e+002 3.58664818e+001 3.55726135e+002
  2.97261295e+001 338. 27.</Path2D>
</opencv_storage>
