<?xml version="1.0"?>
<opencv_storage>
<Parameter>
  <Count>64</Count></Parameter>
<Path2D>
  39. 28. 5.38981133e+001 31. 6.96439133e+001 3.18813057e+001
  8.55134659e+001 32. 1.01402283e+002 32. 1.17291100e+002 32.
  1.33179916e+002 32. 1.49068741e+002 32. 1.64957565e+002 32.
  1.80846390e+002 32. 1.96735214e+002 32. 2.12624039e+002 32.
  2.28512863e+002 32. 2.44371277e+002 3.13298836e+001 2.60238953e+002
  3.08761044e+001 2.76084076e+002 30. 2.91972900e+002 30.
  3.07861725e+002 30. 3.23750549e+002 30. 3.39639374e+002 30.
  3.55493225e+002 2.94383469e+001 3.71354767e+002 29. 3.87243591e+002
  29. 4.03085052e+002 2.82393684e+001 4.18958954e+002 28.
  4.34795410e+002 2.73674297e+001 4.50653809e+002 27. 4.66542633e+002
  27. 4.82431458e+002 27. 4.98258026e+002 28. 5.14146851e+002 28.
  5.30035645e+002 28. 5.45924438e+002 28. 5.61808289e+002
  2.79101906e+001 5.77575623e+002 26. 5.93464417e+002 26. 598.
  3.91081924e+001 599. 5.48739052e+001 601. 7.05809402e+001
  6.05302002e+002 8.55098877e+001 609. 1.00768967e+002 6.11563232e+002
  1.16126472e+002 612. 1.31912186e+002 613. 1.47564941e+002 614.
  1.63330658e+002 615. 1.79096375e+002 616. 1.94862091e+002
  6.19525391e+002 2.10152527e+002 623. 2.25578491e+002 625.
  2.41181931e+002 626. 2.56834686e+002 626. 2.72723511e+002 626.
  2.88612335e+002 6.24656250e+002 3.04031158e+002 620. 3.19055969e+002
  618. 3.34620239e+002 617. 3.50346771e+002 617. 3.66235596e+002 619.
  3.81474121e+002 6.22415833e+002 3.96079132e+002 624. 4.11747833e+002
  624. 4.27636658e+002 624. 4.43525482e+002 626. 458.</Path2D>
</opencv_storage>
