<?xml version="1.0"?>
<opencv_storage>
<Parameter>
  <Count>64</Count></Parameter>
<Path2D>
  18. 22. 4.48933449e+001 18. 7.27091751e+001 18. 1.00525002e+002 18.
  1.28203598e+002 1.94513493e+001 1.55464706e+002 2.39464703e+001
  1.83120270e+002 2.69022522e+001 2.10859619e+002 28. 2.38675446e+002
  28. 2.66392242e+002 29. 2.94208069e+002 29. 3.09831665e+002
  4.10099678e+001 309. 6.87569656e+001 3.06177551e+002 9.62897644e+001
  304. 1.23918213e+002 300. 1.51187363e+002 299. 1.78840912e+002 299.
  2.06656738e+002 299. 2.34472565e+002 3.00016541e+002 2.62049652e+002
  303. 2.89100342e+002 303. 3.16916168e+002 305. 3.44526123e+002
  3.06941772e+002 3.71883545e+002 3.12312256e+002 3.98561340e+002
  3.11439972e+002 3.92759888e+002 311. 3.64998230e+002 311.
  3.37182404e+002 3.10947388e+002 3.09368774e+002 3.06238831e+002
  2.82052307e+002 3.01528503e+002 2.54642456e+002 2.96567749e+002
  2.27622635e+002 294. 1.99998047e+002 293. 1.72227585e+002
  2.89667755e+002 1.44671005e+002 289. 1.16937378e+002 2.90536804e+002
  8.92424622e+001 2.93878296e+002 6.22433815e+001 3.06631927e+002
  4.06840363e+001 3.28578064e+002 32. 3.56393890e+002 32.
  3.84209717e+002 32. 4.12003082e+002 3.12351131e+001 4.39664886e+002
  2.92225170e+001 4.67423889e+002 28. 4.95239716e+002 28.
  5.23055542e+002 28. 5.50871399e+002 28. 5.78036926e+002 26.
  5.90644348e+002 4.52217560e+001 592. 7.29469833e+001 5.93657959e+002
  1.00631935e+002 596. 1.28211487e+002 596. 1.56027313e+002 596.
  1.83843140e+002 596. 2.11658966e+002 596. 2.39474792e+002
  5.94174683e+002 2.66737976e+002 5.91928467e+002 2.94286224e+002
  5.87881653e+002 3.21591644e+002 587. 3.49320160e+002 584.
  3.76614532e+002 586. 4.04248566e+002 590. 4.29999908e+002</Path2D>
</opencv_storage>
