<?xml version="1.0"?>
<opencv_storage>
<Parameter>
  <Count>64</Count></Parameter>
<Path2D>
  41. 26. 3.60168571e+001 4.09831429e+001 3.12049675e+001
  5.63850975e+001 28. 7.22693863e+001 25. 8.82607269e+001
  2.31325417e+001 1.04469833e+002 2.00534630e+001 1.20572289e+002 17.
  1.36651505e+002 1.52744579e+001 1.52902161e+002 1.44403801e+001
  1.69238480e+002 13. 1.85524246e+002 13. 2.01963242e+002 13.
  2.18402237e+002 13. 2.34841232e+002 13. 2.51280228e+002 13.
  2.67719238e+002 13. 2.84158234e+002 13. 3.00597229e+002 13.
  3.17036224e+002 13. 3.33475220e+002 13. 3.49914215e+002 13.
  3.66353210e+002 12. 3.82629944e+002 11. 3.98832886e+002 10.
  4.15109619e+002 10. 4.31548615e+002 10. 4.47987610e+002
  1.81905422e+001 457. 3.46295433e+001 457. 5.10685425e+001 457.
  6.75075455e+001 457. 8.39120712e+001 4.57691193e+002 1.00252907e+002
  459. 1.16691910e+002 459. 1.33059845e+002 460. 1.49498840e+002 460.
  1.65937836e+002 460. 1.82376831e+002 460. 1.98716812e+002 461.
  2.15073044e+002 462. 2.31440979e+002 463. 2.47879974e+002 463.
  2.64195862e+002 464. 2.80634857e+002 464. 2.97073853e+002 464.
  3.13512848e+002 464. 3.29753815e+002 462. 3.45928192e+002
  4.59724548e+002 3.62315704e+002 459. 3.78754700e+002 459.
  3.95193695e+002 459. 4.11632690e+002 459. 4.28071686e+002 459.
  4.44328918e+002 461. 4.60767914e+002 461. 4.77206909e+002 461.
  4.93645905e+002 461. 5.10084900e+002 461. 5.26287842e+002 460.
  5.42726868e+002 460. 5.59063660e+002 4.58437378e+002 5.75284241e+002
  456. 5.90723267e+002 455. 607. 456.</Path2D>
</opencv_storage>
