<?xml version="1.0"?>
<opencv_storage>
<Parameter>
  <Count>64</Count></Parameter>
<Path2D>
  617. 18. 5.91517273e+002 1.74827156e+001 5.65634644e+002 18.
  5.39537781e+002 18. 5.13440918e+002 18. 4.87344055e+002 18.
  4.61329926e+002 19. 4.35233063e+002 19. 4.09136200e+002 19.
  3.83097870e+002 1.85244656e+001 3.57065552e+002 18. 3.30968689e+002
  18. 3.04871826e+002 18. 2.78774963e+002 18. 2.52678085e+002 18.
  2.26581207e+002 18. 2.00720398e+002 17. 1.74623520e+002 17.
  1.48526642e+002 17. 1.22651886e+002 15. 9.72632141e+001 12.
  7.11663361e+001 12. 4.58978844e+001 14. 24. 1.93705654e+001 26.
  4.51428871e+001 2.99176559e+001 7.05882721e+001 3.47031288e+001
  9.62187653e+001 39. 1.21641960e+002 3.84712486e+001 1.47701263e+002
  3.21443100e+001 1.72711380e+002 25. 1.96583710e+002 2.19730110e+001
  2.22080963e+002 18. 2.46955444e+002 1.79630032e+001 2.73036987e+002
  16. 2.98572693e+002 1.58694811e+001 3.24347412e+002 16.
  3.50431366e+002 17. 3.76405151e+002 18. 4.02265961e+002 18.
  4.28003662e+002 2.51005402e+001 447. 5.10983963e+001 446.
  7.71952744e+001 446. 1.03221085e+002 447. 1.29317963e+002 447.
  1.55414841e+002 447. 1.81511719e+002 447. 2.07608597e+002 447.
  2.33705475e+002 447. 2.59620575e+002 445. 2.85555176e+002 444.
  3.11528961e+002 443. 3.37625824e+002 443. 3.63722687e+002 443.
  3.89597443e+002 445. 4.15623260e+002 446. 4.41720123e+002 446.
  4.67816986e+002 446. 4.93913849e+002 446. 5.20010742e+002 446.
  5.46107605e+002 446. 5.71867432e+002 4.44377533e+002 5.97903015e+002
  444. 6.22000122e+002 444.</Path2D>
</opencv_storage>
