<?xml version="1.0"?>
<opencv_storage>
<Parameter>
  <Count>64</Count></Parameter>
<Path2D>
  617. 26. 5.83565430e+002 26. 5.49768372e+002 2.49227829e+001
  5.15946228e+002 24. 4.82024200e+002 23. 4.48091766e+002
  2.22091751e+001 4.14130310e+002 22. 3.80186523e+002 2.26194077e+001
  3.46231903e+002 23. 3.12260010e+002 23. 2.78288116e+002 23.
  2.44334503e+002 2.26334515e+001 2.10394211e+002 22. 1.76477707e+002
  21. 1.42857758e+002 1.92859211e+001 1.09223022e+002 1.75557556e+001
  7.53906174e+001 16. 66. 3.55326462e+001 7.24414825e+001
  6.87659378e+001 78. 1.02083260e+002 78. 1.36055145e+002
  7.82014160e+001 1.70007095e+002 82. 2.03554672e+002 8.38755188e+001
  2.37377609e+002 84. 2.71337189e+002 81. 3.04570313e+002 76.
  3.37622406e+002 6.83808060e+001 3.70238403e+002 8.60076904e+001
  3.84801544e+002 1.19667122e+002 3.88566711e+002 1.53239838e+002
  3.92231415e+002 1.87151016e+002 394. 2.21048828e+002 396.
  2.55020645e+002 3.96001709e+002 2.88941467e+002 3.97134491e+002 318.
  3.93148163e+002 321. 3.59584747e+002 3.17200378e+002 3.26003906e+002
  3.12290527e+002 2.92597900e+002 312. 2.58652191e+002 3.08611511e+002
  2.24891983e+002 3.01416718e+002 1.91916992e+002 299. 1.58194260e+002
  294. 1.25492729e+002 291. 9.19293289e+001 290. 5.81935043e+001 289.
  8.16793671e+001 289. 1.15651260e+002 2.90897766e+002 1.49488892e+002
  2.96968384e+002 1.82873596e+002 302. 2.16372620e+002 3.03033905e+002
  2.50271332e+002 3.12095123e+002 2.82702148e+002 318. 3.15603119e+002
  320. 3.49250458e+002 320. 3.83222351e+002 3.40680145e+002
  3.94520020e+002 3.74295349e+002 3.99327911e+002 4.08066528e+002 402.
  4.42038422e+002 402. 4.75989746e+002 4.02453613e+002 5.09936859e+002
  403. 5.43672668e+002 402. 577. 406.</Path2D>
</opencv_storage>
