<?xml version="1.0"?>
<opencv_storage>
<Parameter>
  <Count>64</Count></Parameter>
<Path2D>
  18. 14. 5.35930138e+001 13. 8.93483047e+001 13. 1.25103600e+002 13.
  1.60610611e+002 10. 1.96365906e+002 10. 2.31958923e+002 9.
  2.67646912e+002 1.00808659e+001 3.03273926e+002 12. 3.38793152e+002
  11. 3.74312378e+002 10. 4.10067657e+002 10. 4.45822937e+002 10.
  4.81578217e+002 10. 5.16565674e+002 13. 5.51961792e+002 15.
  5.87318726e+002 17. 6.21640015e+002 13. 628. 4.72526245e+001 631.
  8.25210876e+001 636. 1.17049599e+002 635. 1.52390686e+002 634.
  1.87731766e+002 6.16743225e+002 2.07418930e+002 5.81406799e+002 210.
  5.45767090e+002 2.11461838e+002 5.10465790e+002 2.16360260e+002
  4.74951172e+002 218. 4.39251251e+002 219. 4.03495972e+002 219.
  3.67740692e+002 219. 3.32016083e+002 2.19553772e+002 2.96648407e+002
  2.24670319e+002 2.61024780e+002 226. 2.25269485e+002 226.
  1.89838745e+002 224. 1.54419632e+002 220. 1.18664337e+002 220.
  8.29090424e+001 220. 4.71537476e+001 220. 2.84325142e+001
  2.32865036e+002 34. 2.67097321e+002 36. 3.02276123e+002
  3.37998047e+001 3.37600586e+002 33. 3.73226074e+002 31.
  4.08152954e+002 35. 4.42095703e+002 6.22745056e+001 450.
  9.80298004e+001 450. 1.33661987e+002 451. 1.69018936e+002 453.
  2.04252777e+002 456. 2.40008072e+002 456. 2.75763367e+002 456.
  3.11518646e+002 456. 3.46988556e+002 454. 3.82743835e+002 454.
  4.18416351e+002 455. 4.54072632e+002 454. 4.89827911e+002 454.
  5.25111084e+002 456. 5.60531311e+002 454. 5.94487244e+002 454. 622.
  4.44000092e+002</Path2D>
</opencv_storage>
