<?xml version="1.0"?>
<opencv_storage>
<Parameter>
  <Count>64</Count></Parameter>
<Path2D>
  26. 22. 2.76399536e+001 5.35598145e+001 31. 8.47798309e+001 30.
  1.16305466e+002 34. 1.47407532e+002 38. 1.78666992e+002 39.
  2.10329681e+002 39. 2.42091385e+002 4.13056450e+001 2.73379822e+002
  44. 3.04700684e+002 44. 3.36462372e+002 41. 3.67726715e+002 38.
  3.98675873e+002 38. 4.30437561e+002 3.97850494e+001 455.
  7.14984970e+001 4.55583069e+002 1.02881630e+002 459. 1.34106018e+002
  459. 1.65867722e+002 459. 1.97467148e+002 460. 2.29228851e+002 460.
  2.60990540e+002 460. 2.92313477e+002 4.57671631e+002 3.23707123e+002
  455. 3.55306549e+002 454. 3.86743683e+002 456. 4.17935791e+002 460.
  4.48869080e+002 462. 4.80507690e+002 461. 5.11104126e+002
  4.56947937e+002 5.42169922e+002 454. 5.73355164e+002 452.
  6.04702637e+002 451. 613. 4.26048889e+002 6.09916138e+002
  3.94748444e+002 607. 3.63533752e+002 607. 3.31772064e+002
  6.00979614e+002 3.00877563e+002 596. 2.69841492e+002 596.
  2.38079788e+002 596. 2.06318085e+002 591. 1.75546341e+002
  5.85140503e+002 1.44702576e+002 581. 1.13501465e+002 581.
  8.17397614e+001 585. 5.14567680e+001 5.83679382e+002 2.33396854e+001
  5.52371338e+002 2.35428848e+001 5.21271912e+002 2.85760231e+001
  4.90262726e+002 33. 4.58663300e+002 34. 4.26901611e+002 34.
  3.95139923e+002 34. 3.63378235e+002 34. 3.31616547e+002 34.
  2.99854858e+002 34. 2.68155426e+002 33. 2.36449112e+002 32.
  2.04746094e+002 3.12910137e+001 1.73008469e+002 31. 1.41554504e+002
  2.79257507e+001 1.10115631e+002 25. 7.92895966e+001 21.
  4.80000267e+001 1.90000134e+001</Path2D>
</opencv_storage>
