<?xml version="1.0"?>
<opencv_storage>
<Parameter>
  <Count>64</Count></Parameter>
<Path2D>
  35. 12. 38. 5.72927055e+001 28. 1.02051903e+002 28. 1.48694489e+002
  31. 1.94889404e+002 31. 2.41531982e+002 26. 2.86973785e+002 20.
  3.32460510e+002 16. 3.78158813e+002 1.97495518e+001 4.23248657e+002
  3.98310204e+001 454. 8.61962204e+001 4.57549042e+002 1.32501526e+002
  4.60916931e+002 1.78891022e+002 463. 2.25533600e+002 463.
  2.72176178e+002 463. 3.18596649e+002 461. 3.65239227e+002 461.
  4.11662262e+002 463. 4.58249451e+002 464. 5.04729767e+002 463.
  5.51047791e+002 461. 577. 4.37788330e+002 577. 3.91145752e+002 577.
  3.44503174e+002 577. 2.97860596e+002 577. 2.51218018e+002
  5.41044861e+002 236. 4.94794586e+002 2.31758911e+002 4.48360474e+002
  229. 4.01717896e+002 229. 3.55075317e+002 229. 3.08432739e+002 229.
  2.61835510e+002 228. 2.15255188e+002 227. 1.68612610e+002 227.
  1.21970024e+002 227. 7.69513626e+001 2.32349548e+002 4.28414612e+001
  2.53475616e+002 40. 2.99583313e+002 42. 3.45901337e+002 38.
  3.91317139e+002 37. 4.37723663e+002 7.86359253e+001 446.
  1.25278511e+002 446. 1.71921097e+002 446. 2.18563675e+002 446.
  2.65008209e+002 444. 3.11650787e+002 444. 3.58293365e+002 444.
  4.04713837e+002 442. 4.51356415e+002 442. 4.95746887e+002
  4.35126556e+002 5.39531189e+002 431. 5.85829956e+002 4.30170013e+002
  5.98031860e+002 3.89904449e+002 6.00168457e+002 3.43483673e+002 602.
  2.97010254e+002 5.95327820e+002 2.51639145e+002 593. 2.05274063e+002
  593. 1.58631485e+002 593. 1.11988899e+002 5.92234924e+002
  6.54096375e+001 5.92999939e+002 2.10000610e+001</Path2D>
</opencv_storage>
