<?xml version="1.0"?>
<opencv_storage>
<Parameter>
  <Count>64</Count></Parameter>
<Path2D>
  30. 15. 28. 7.29377594e+001 28. 1.31388748e+002 31. 1.89586319e+002
  31. 2.48037308e+002 34. 3.06004120e+002 34. 3.64455109e+002
  5.53296089e+001 401. 1.13613083e+002 404. 1.71973587e+002
  4.05662262e+002 2.29646683e+002 412. 2.71811951e+002 3.94940308e+002
  273. 3.36670227e+002 270. 2.78622437e+002 2.40953079e+002
  2.38401764e+002 1.84594299e+002 2.24326752e+002 1.26613724e+002
  2.18361374e+002 6.82430115e+001 217. 59. 2.60279358e+002 64.
  3.18300934e+002 6.11923904e+001 3.76422821e+002 9.83667908e+001
  4.00273346e+002 1.56268219e+002 4.07933472e+002 2.14180893e+002
  4.15242310e+002 2.71927246e+002 421. 330. 4.20621765e+002
  3.17705383e+002 3.66821564e+002 3.06072144e+002 3.09597900e+002 301.
  2.51558044e+002 2.92304626e+002 1.94015472e+002 2.87197937e+002
  1.35979507e+002 2.78187836e+002 7.83451996e+001 275. 2.18098736e+001
  278. 7.97176590e+001 279. 1.38106400e+002 281. 1.96452133e+002
  2.83818176e+002 2.54727341e+002 284. 3.13165405e+002 2.84827362e+002
  3.71482117e+002 3.11023163e+002 409. 3.69252960e+002 413.
  4.27368530e+002 4.18133636e+002 4.85572937e+002 421. 5.43700012e+002
  425. 5.47755249e+002 3.68307526e+002 544. 3.10023102e+002
  5.26727051e+002 2.61931763e+002 4.69009186e+002 255. 4.11459259e+002
  246. 3.53277374e+002 243. 3.33042969e+002 2.76476532e+002
  3.45481995e+002 3.33373962e+002 349. 3.90918121e+002 3.95158142e+002
  4.15644775e+002 4.53097290e+002 422. 5.11397736e+002 425.
  5.65103027e+002 4.18381927e+002 566. 3.60222839e+002 5.63258545e+002
  3.01970734e+002 5.53495422e+002 2.44449982e+002 5.42223877e+002
  1.87194138e+002 5.33682678e+002 1.29778671e+002 526. 7.32633972e+001
  528. 1.60000076e+001</Path2D>
</opencv_storage>
