<?xml version="1.0"?>
<opencv_storage>
<Parameter>
  <Count>64</Count></Parameter>
<Path2D>
  28. 461. 3.83459778e+001 4.49654022e+002 5.08449020e+001
  4.39155090e+002 6.20753326e+001 4.28283112e+002 7.20191193e+001
  4.15980896e+002 8.38458023e+001 4.04795166e+002 9.55597382e+001
  3.93440277e+002 1.07157677e+002 3.81842316e+002 1.17174553e+002
  3.69031799e+002 1.25987091e+002 3.55218079e+002 1.36044861e+002
  3.42273499e+002 1.46803665e+002 3.29938690e+002 1.57899414e+002
  3.17875732e+002 1.69552780e+002 3.06447205e+002 1.80370544e+002
  2.94172607e+002 1.90906006e+002 2.82093994e+002 2.01437943e+002
  2.69603424e+002 2.10939285e+002 2.56591095e+002 2.20719070e+002
  2.43561859e+002 2.30205734e+002 2.30588531e+002 2.39407486e+002
  2.17185028e+002 2.47755402e+002 2.03244598e+002 2.56709229e+002
  1.89581512e+002 2.66479858e+002 1.76520126e+002 2.76690918e+002
  1.63745438e+002 2.86303375e+002 1.50620789e+002 2.95360382e+002
  1.37639633e+002 3.03323914e+002 1.23676094e+002 3.13958588e+002
  1.11721886e+002 3.23062439e+002 9.84063263e+001 3.31245575e+002
  8.45088348e+001 339. 7.12358017e+001 3.44952515e+002 5.70475006e+001
  3.53604034e+002 6.18121033e+001 3.60366882e+002 7.67337723e+001
  3.68283569e+002 9.10447540e+001 3.76804993e+002 1.05006233e+002
  3.85042816e+002 1.19057076e+002 3.93207184e+002 1.33207169e+002
  4.02634033e+002 1.46512054e+002 4.11948486e+002 1.59938187e+002
  4.20178619e+002 1.73767944e+002 4.29685974e+002 1.86764481e+002
  4.37308929e+002 2.01181519e+002 4.44451050e+002 2.15902069e+002
  4.51735657e+002 2.30559418e+002 4.60241852e+002 2.44483688e+002
  4.69917572e+002 2.57293915e+002 4.78600464e+002 2.71000793e+002
  4.85808563e+002 2.85617157e+002 4.93731659e+002 2.99829132e+002
  5.00186432e+002 3.14733063e+002 5.10266174e+002 3.27266174e+002
  5.18315063e+002 3.40630066e+002 5.27378662e+002 3.53757294e+002 535.
  3.67135529e+002 5.43023132e+002 3.80364136e+002 5.53570374e+002
  3.92570343e+002 5.65424866e+002 4.03424896e+002 5.78687744e+002
  4.12687744e+002 5.86173645e+002 4.25173676e+002 5.94599487e+002
  4.37198914e+002 6.05861450e+002 4.47430725e+002 617. 457.</Path2D>
</opencv_storage>
