<?xml version="1.0"?>
<opencv_storage>
<Parameter>
  <Count>64</Count></Parameter>
<Path2D>
  45. 425. 5.46272469e+001 4.02745514e+002 6.60697021e+001
  3.80860596e+002 7.93755493e+001 3.59624451e+002 9.11951828e+001
  3.37414429e+002 1.02688698e+002 3.14966949e+002 1.14818184e+002
  2.92818176e+002 1.25895409e+002 2.70025085e+002 1.38046768e+002
  2.47914261e+002 1.50575607e+002 2.25848785e+002 1.62128067e+002
  2.03307907e+002 1.73492661e+002 1.80775665e+002 1.81250977e+002
  1.56745148e+002 1.87824600e+002 1.32438507e+002 1.96671234e+002
  1.09993141e+002 207. 8.79400330e+001 216. 6.66495590e+001
  2.22188477e+002 8.39424133e+001 227. 1.08672592e+002 2.32251144e+002
  1.33379013e+002 239. 1.57526474e+002 2.47121445e+002 1.81323837e+002
  2.53931458e+002 2.05725845e+002 2.66005493e+002 2.28010956e+002
  2.75392395e+002 2.51177231e+002 2.80299042e+002 2.76046661e+002 285.
  3.00742065e+002 286. 3.25961090e+002 288. 3.51097351e+002
  2.91116852e+002 3.75701141e+002 2.97015930e+002 4.00047791e+002 301.
  4.13721313e+002 3.05882629e+002 3.88939056e+002 3.10324066e+002
  3.64027832e+002 3.16108032e+002 3.39351868e+002 3.21965149e+002
  3.14691620e+002 3.26863953e+002 2.89874146e+002 3.35935211e+002
  2.66194336e+002 3.47408508e+002 2.43788666e+002 3.57154205e+002
  2.20403015e+002 3.66000763e+002 1.96663895e+002 3.73838684e+002
  1.72537735e+002 3.82614105e+002 1.48771790e+002 3.94056030e+002
  1.26202606e+002 398. 1.01305672e+002 4.03247742e+002 7.65136108e+001
  4.14862793e+002 5.51372032e+001 429. 3.68346481e+001 4.37001709e+002
  5.70051613e+001 4.44573334e+002 8.11466675e+001 4.52029846e+002
  1.05268585e+002 4.55868011e+002 1.30340118e+002 4.60517548e+002
  1.55105301e+002 4.65436615e+002 1.79964813e+002 4.71166138e+002
  2.04498428e+002 4.76024353e+002 2.29243546e+002 4.79825500e+002
  2.54254913e+002 4.84263367e+002 2.79185181e+002 489. 3.03980225e+002
  493. 3.28831116e+002 496. 3.53744507e+002 4.98898224e+002
  3.78694672e+002 5.06696960e+002 4.02090881e+002 517. 423.</Path2D>
</opencv_storage>
