<?xml version="1.0"?>
<opencv_storage>
<Parameter>
  <Count>64</Count></Parameter>
<Path2D>
  343. 51. 3.26187897e+002 5.26040382e+001 3.07185425e+002
  5.49629135e+001 2.88213501e+002 5.71966248e+001 2.69234253e+002 60.
  2.51065018e+002 6.39349861e+001 2.33822189e+002 7.14518738e+001
  2.16920959e+002 8.06930084e+001 1.99678940e+002 8.91605301e+001
  1.82506668e+002 9.79955521e+001 1.65713730e+002 1.07257256e+002
  1.49811447e+002 1.17550835e+002 1.34446350e+002 1.29188843e+002
  1.19553772e+002 1.41446228e+002 1.07511841e+002 1.56360199e+002
  1.00009094e+002 1.73981812e+002 9.50365067e+001 1.92408737e+002
  9.15514297e+001 2.11242844e+002 91. 2.30512589e+002 91.
  2.49836945e+002 9.29772186e+001 2.68931641e+002 9.95230942e+001
  2.87061584e+002 1.07352707e+002 3.04705414e+002 1.17287071e+002
  3.21144470e+002 1.28610092e+002 3.36762634e+002 1.40137299e+002
  3.52137299e+002 1.54180923e+002 3.65090454e+002 1.70763504e+002
  3.74381744e+002 1.87832367e+002 3.83416168e+002 2.04889206e+002
  3.92296387e+002 2.23141678e+002 3.98611908e+002 2.41519196e+002
  4.04569702e+002 2.60019958e+002 4.10006653e+002 2.78797943e+002 413.
  2.97516754e+002 415. 3.16841095e+002 415. 3.36165436e+002 415.
  3.55489777e+002 415. 3.74730103e+002 4.14317474e+002 3.92748322e+002
  4.07550995e+002 4.08872986e+002 3.97127014e+002 4.24883728e+002
  3.86693024e+002 4.39520081e+002 3.74219879e+002 4.52273773e+002
  3.59907776e+002 4.61045654e+002 3.42954346e+002 4.66708740e+002
  3.24873749e+002 4.73831970e+002 3.06920105e+002 4.79423279e+002
  2.88460388e+002 483. 2.69726959e+002 484. 2.50485367e+002 484.
  2.31161011e+002 483. 2.11919418e+002 480. 1.93042725e+002
  4.75762299e+002 1.74366150e+002 4.69852448e+002 1.55983536e+002
  4.63278656e+002 1.37835968e+002 4.57614471e+002 1.19421700e+002
  4.49650177e+002 1.01975273e+002 4.40041351e+002 8.60620422e+001
  4.28997101e+002 7.09985428e+001 4.14450012e+002 5.84500008e+001
  4.00370361e+002 4.61851845e+001 3.83583252e+002 3.99166527e+001 365.
  37.</Path2D>
</opencv_storage>
