<?xml version="1.0"?>
<opencv_storage>
<Parameter>
  <Count>64</Count></Parameter>
<Path2D>
  21. 19. 5.17808990e+001 2.57945423e+001 8.36133118e+001
  3.09447594e+001 1.15323143e+002 36. 1.47524857e+002 37.
  1.79809326e+002 37. 2.12093796e+002 37. 2.44378265e+002 37.
  2.76612854e+002 36. 3.08897339e+002 36. 3.41136444e+002 35.
  3.73420929e+002 35. 4.05543121e+002 34. 4.37827606e+002 34.
  4.70037689e+002 3.23602104e+001 5.01893188e+002 2.74642563e+001
  5.33767212e+002 2.28527317e+001 5.65935730e+002 2.05080357e+001
  5.96188599e+002 22. 5.87158386e+002 4.04208107e+001 5.64488342e+002
  6.30232735e+001 5.43196289e+002 8.66754303e+001 5.19003723e+002
  1.07996895e+002 4.95531250e+002 1.29979156e+002 4.69986481e+002
  1.49510132e+002 4.44309509e+002 1.68972229e+002 4.21025238e+002
  1.91252075e+002 3.96280945e+002 2.11975250e+002 3.71743958e+002
  2.32298721e+002 3.47545563e+002 2.53454437e+002 3.23028961e+002
  2.74088593e+002 2.97819366e+002 2.94120422e+002 2.71626007e+002
  3.12686981e+002 2.45756363e+002 3.31932739e+002 2.19236755e+002
  3.49505310e+002 1.91260773e+002 3.65492828e+002 1.62388748e+002
  3.79805634e+002 1.33245270e+002 3.93377350e+002 1.04337448e+002
  4.07498444e+002 7.78201447e+001 4.23359711e+002 5.39991112e+001
  4.41000885e+002 6.70354919e+001 4.29974640e+002 9.34385376e+001
  4.11401031e+002 1.19800240e+002 3.92799835e+002 1.45734192e+002
  3.73586060e+002 1.71947723e+002 3.54831360e+002 1.99782852e+002
  3.38608582e+002 2.25963760e+002 3.20028992e+002 2.50700668e+002
  2.99532898e+002 2.74704437e+002 2.78295563e+002 2.97669037e+002
  2.55996460e+002 317. 2.31813538e+002 3.42267914e+002 2.43133957e+002
  3.70416901e+002 2.58708435e+002 3.98418610e+002 2.74667786e+002
  4.23639313e+002 2.94311462e+002 4.49863525e+002 3.12897644e+002
  4.77889832e+002 3.27944916e+002 5.06264313e+002 3.43176208e+002
  5.33492493e+002 3.59869385e+002 5.60031006e+002 3.77061981e+002
  5.83816833e+002 3.97908417e+002 6.02823669e+002 4.20823639e+002 628.
  438.</Path2D>
</opencv_storage>
