<?xml version="1.0"?>
<opencv_storage>
<Parameter>
  <Count>64</Count></Parameter>
<Path2D>
  35. 32. 7.73454590e+001 32. 1.19561012e+002 3.39451256e+001
  1.61853180e+002 35. 2.04157043e+002 36. 2.46475464e+002
  3.64344330e+001 2.88587677e+002 39. 322. 4.85189247e+001
  2.99047607e+002 8.36031952e+001 2.73564758e+002 1.17416718e+002
  2.47961807e+002 1.50877884e+002 2.26625534e+002 1.87342560e+002
  2.04157333e+002 2.22816437e+002 1.82359924e+002 2.58870148e+002
  1.61515778e+002 2.95597412e+002 1.36802429e+002 3.29596771e+002
  1.12193016e+002 3.62806976e+002 8.81388168e+001 3.96861176e+002
  7.40328217e+001 4.17450775e+002 9.82653732e+001 3.83224365e+002
  1.18326279e+002 3.46347443e+002 1.38916824e+002 3.09624756e+002
  1.59704025e+002 2.73887939e+002 1.80163361e+002 2.38254959e+002
  2.01999466e+002 2.46998947e+002 2.23652954e+002 2.83088257e+002
  2.46023254e+002 3.18364349e+002 2.62330109e+002 3.56660217e+002 276.
  3.95944031e+002 2.87113129e+002 4.18547455e+002 3.01586029e+002
  3.78827911e+002 3.13528717e+002 3.38331085e+002 3.30232025e+002
  2.99535950e+002 3.44326141e+002 2.59695374e+002 3.56367249e+002
  2.19109207e+002 3.69675781e+002 1.78972687e+002 3.76676941e+002
  1.37261307e+002 3.88666748e+002 9.68331146e+001 405. 5.87987480e+001
  4.40653778e+002 49. 4.82999237e+002 49. 5.25289307e+002 48.
  5.67249634e+002 50. 6.09150024e+002 5.38300056e+001 6.04814514e+002
  8.35746078e+001 5.86852417e+002 1.21832008e+002 5.66681641e+002
  1.58977554e+002 5.46452759e+002 1.96094482e+002 5.26543884e+002
  2.33426880e+002 5.06401184e+002 2.70547913e+002 4.85588745e+002
  3.07340240e+002 4.64993896e+002 3.44260712e+002 4.42486084e+002
  3.79856537e+002 420. 4.13403381e+002 4.19911011e+002 3.98811462e+002
  4.35836578e+002 3.59908600e+002 4.53535431e+002 3.21545258e+002
  4.72377380e+002 2.83867889e+002 4.83611755e+002 2.45388260e+002
  5.07369049e+002 2.78553558e+002 5.28577148e+002 3.14885681e+002
  5.45093201e+002 3.53186340e+002 558. 3.92255768e+002 567. 425.</Path2D>
</opencv_storage>
