<?xml version="1.0"?>
<opencv_storage>
<Parameter>
  <Count>64</Count></Parameter>
<Path2D>
  40. 32. 8.69827118e+001 32. 1.33965424e+002 32. 1.80785858e+002 33.
  2.27768570e+002 33. 2.74689026e+002 34. 3.21671753e+002 34.
  3.68571716e+002 35. 4.15046173e+002 32. 4.61946136e+002 31.
  5.08928864e+002 31. 5.55911560e+002 31. 5.99105713e+002 33.
  5.54057251e+002 4.52158585e+001 5.07711517e+002 5.28136139e+001
  4.61032013e+002 5.79181557e+001 4.15097656e+002 6.56097260e+001
  3.69082153e+002 7.47917862e+001 3.22633759e+002 8.15915604e+001
  2.76478363e+002 8.98152008e+001 2.30048569e+002 9.62168274e+001
  1.83473877e+002 1.01725121e+002 1.37165955e+002 1.06472343e+002
  9.07471542e+001 1.11563210e+002 7.58341446e+001 115. 1.22816856e+002
  115. 1.69799576e+002 115. 2.16782288e+002 115. 2.63765015e+002 115.
  3.10718689e+002 1.14475700e+002 3.57299194e+002 1.10528687e+002
  4.04111023e+002 108. 4.51093750e+002 108. 4.98076477e+002 108.
  5.45059204e+002 108. 5.56039124e+002 1.09984344e+002 5.11901855e+002
  1.25729439e+002 4.70836029e+002 1.48065582e+002 4.27871155e+002
  1.66637009e+002 3.84176971e+002 1.83759598e+002 3.42459564e+002
  2.05225174e+002 3.01319305e+002 2.27510513e+002 2.60629395e+002
  2.50640335e+002 2.21689697e+002 2.76463562e+002 1.83008774e+002
  3.02495605e+002 1.43419617e+002 3.27548218e+002 1.05140350e+002
  3.52859650e+002 6.92098541e+001 3.80790131e+002 3.12981625e+001
  4.06701843e+002 5.78997421e+001 3.88325195e+002 9.71183014e+001
  3.63344055e+002 1.37819839e+002 3.39916443e+002 1.79849213e+002
  3.19090454e+002 2.23150177e+002 3.01424927e+002 2.63024292e+002
  2.77983826e+002 2.99675751e+002 2.52662125e+002 3.37765503e+002
  2.61506195e+002 3.76787079e+002 2.87072235e+002 4.16247284e+002
  3.12247284e+002 4.55379700e+002 3.37172913e+002 4.95959747e+002
  3.59979858e+002 535. 3.85182495e+002 5.70263977e+002 4.13631989e+002
  603. 444.</Path2D>
</opencv_storage>
