<?xml version="1.0"?>
<opencv_storage>
<Parameter>
  <Count>64</Count></Parameter>
<Path2D>
  41. 19. 6.70228348e+001 2.66704712e+001 9.63727646e+001
  2.74858627e+001 1.25724792e+002 2.85204353e+001 1.55051773e+002 30.
  1.84410522e+002 31. 2.13759247e+002 32. 2.43092300e+002 33.
  2.72434143e+002 34. 3.01838257e+002 34. 3.31242371e+002 34.
  3.60646484e+002 34. 3.89979523e+002 33. 4.19383636e+002 33.
  4.48787750e+002 33. 4.78191864e+002 33. 5.07595978e+002 33.
  5.37000122e+002 33. 5.66404236e+002 33. 5.64258789e+002
  3.92470741e+001 5.35563843e+002 4.52393646e+001 5.06733459e+002
  5.09575539e+001 4.77920959e+002 5.68158073e+001 4.48993530e+002
  6.18758087e+001 4.20108490e+002 6.72521973e+001 3.90946838e+002
  7.10144958e+001 3.62069244e+002 7.61329651e+001 3.33186157e+002
  8.13813858e+001 3.04219391e+002 8.61618729e+001 2.75210388e+002
  9.05965347e+001 2.46592941e+002 9.69734497e+001 2.17893051e+002
  1.03158134e+002 1.88911346e+002 1.08012665e+002 1.59836533e+002
  1.12309067e+002 1.31028839e+002 1.17495193e+002 1.02380638e+002
  1.22436562e+002 8.27155457e+001 125. 1.12119659e+002 125.
  1.41523773e+002 125. 1.70927887e+002 125. 2.00332001e+002 125.
  2.29736115e+002 125. 2.59140228e+002 125. 2.88544342e+002 125.
  3.17948456e+002 125. 3.47352570e+002 125. 3.76756683e+002 125.
  4.06118988e+002 1.25588425e+002 4.35411102e+002 127. 4.64815216e+002
  127. 4.94219330e+002 127. 5.23500366e+002 128. 5.52781372e+002 129.
  558. 1.53949417e+002 557. 1.83191254e+002 559. 2.12429840e+002
  5.60553772e+002 2.41661331e+002 5.65052979e+002 2.70370758e+002
  5.68398193e+002 2.99389221e+002 571. 3.28358368e+002 569.
  3.57437927e+002 568. 3.86605988e+002 569. 4.15010101e+002 570. 444.</Path2D>
</opencv_storage>
