<?xml version="1.0"?>
<opencv_storage>
<Parameter>
  <Count>64</Count></Parameter>
<Path2D>
  599. 30. 5.63054443e+002 29. 5.26108887e+002 29. 4.89296112e+002
  3.03407784e+001 4.52415833e+002 31. 4.15470276e+002 31.
  3.78567383e+002 3.21102028e+001 3.41660645e+002 3.31116104e+001
  3.04797424e+002 35. 2.67901764e+002 36. 2.31227005e+002 40.
  1.94461807e+002 42. 1.57548447e+002 4.26451569e+001 1.20675987e+002
  44. 8.37304459e+001 44. 9.06864243e+001 4.85266304e+001
  1.27271873e+002 5.35033646e+001 1.63893860e+002 5.81191826e+001
  2.00549744e+002 6.27277489e+001 2.37369507e+002 6.56687927e+001
  2.74261292e+002 6.71918411e+001 3.11083344e+002 70. 3.47995605e+002
  71. 3.84902740e+002 72. 4.21818176e+002 7.28441544e+001
  4.58708282e+002 74. 4.95327637e+002 7.75172501e+001 5.31844910e+002
  8.20938797e+001 5.67650574e+002 87. 5.44483948e+002 9.30045853e+001
  5.07938538e+002 9.74512711e+001 4.71113983e+002 1.00080544e+002
  4.34265533e+002 102. 3.97609039e+002 1.05198708e+002 3.60808502e+002
  1.07465721e+002 3.23983276e+002 110. 2.87128448e+002 112.
  2.50201172e+002 1.12256973e+002 2.13588516e+002 1.15602867e+002
  1.76965942e+002 1.19290581e+002 1.40141876e+002 121. 1.03501221e+002
  124. 7.27396164e+001 1.28739624e+002 8.65791092e+001 1.62158218e+002
  9.47220535e+001 1.98054398e+002 100. 2.34113388e+002 1.08210548e+002
  2.69236908e+002 114. 3.05166412e+002 119. 3.41192047e+002 115.
  3.77493042e+002 107. 4.11503601e+002 1.31411224e+002 4.24852814e+002
  1.68058334e+002 4.27004852e+002 2.04917130e+002 429. 2.41836380e+002
  430. 2.78781921e+002 430. 3.15727478e+002 430. 3.52662659e+002
  4.30310852e+002 3.89549591e+002 432. 4.26453552e+002 433.
  4.63246155e+002 435. 5.00108948e+002 436. 5.37054504e+002 436. 572.
  434.</Path2D>
</opencv_storage>
