<?xml version="1.0"?>
<opencv_storage>
<Parameter>
  <Count>64</Count></Parameter>
<Path2D>
  65. 52. 1.09021614e+002 4.51978378e+001 1.53623077e+002
  4.04376945e+001 1.98592087e+002 40. 2.43582932e+002 40.
  2.88573761e+002 40. 3.33564606e+002 40. 3.78555450e+002 40.
  4.23497070e+002 4.16051102e+001 4.68310852e+002 4.46392937e+001
  5.13144775e+002 4.77246246e+001 5.57909790e+002 51. 6.02829590e+002
  52. 5.64390625e+002 5.42609367e+001 5.19436646e+002 55.
  4.74473572e+002 56. 4.29717163e+002 5.97225189e+001 3.85240997e+002
  6.63298111e+001 3.40901123e+002 7.39382858e+001 2.96818939e+002
  8.27952652e+001 2.52816330e+002 9.16122437e+001 2.08740082e+002
  9.96955490e+001 1.75527588e+002 105. 2.08347580e+002 1.29868942e+002
  2.24054550e+002 1.71872742e+002 2.41408844e+002 2.13165756e+002
  2.55318863e+002 2.55797165e+002 2.68912506e+002 2.98475006e+002
  2.94508942e+002 324. 3.39499786e+002 324. 3.84490631e+002 324.
  4.29481476e+002 324. 4.66634674e+002 3.14826599e+002 4.65002777e+002
  2.70016724e+002 4.62698792e+002 2.25289001e+002 460. 1.80442123e+002
  458. 1.35670822e+002 4.62337006e+002 9.09889374e+001 4.45550446e+002
  9.64495468e+001 4.14277405e+002 1.28673126e+002 3.81146942e+002
  1.58853043e+002 3.49894226e+002 1.91206299e+002 3.19858917e+002
  2.24699371e+002 2.88824738e+002 2.57175262e+002 2.55957321e+002
  2.87838409e+002 2.21885422e+002 3.17085938e+002 1.84057938e+002
  3.41216217e+002 1.43545517e+002 3.60661133e+002 1.03261948e+002
  3.80321411e+002 6.13785133e+001 3.95883545e+002 2.08628063e+001 410.
  6.51077576e+001 4.16508972e+002 1.10011978e+002 4.18501007e+002
  1.54943665e+002 420. 1.99863174e+002 422. 2.44736771e+002 424.
  2.89686005e+002 423. 3.34653534e+002 4.23513947e+002 3.79622314e+002
  424. 4.24613159e+002 424. 4.69604004e+002 424. 5.14594849e+002 424.
  5.59423401e+002 425. 604. 426.</Path2D>
</opencv_storage>
