<?xml version="1.0"?>
<opencv_storage>
<Parameter>
  <Count>64</Count></Parameter>
<Path2D>
  97. 31. 1.38710327e+002 32. 1.79903137e+002 37. 2.21078461e+002
  4.23464088e+001 2.62488464e+002 46. 3.04269867e+002 46.
  3.46051270e+002 46. 3.87832672e+002 46. 4.29614075e+002 46.
  4.71333221e+002 45. 5.13114624e+002 45. 5.54895996e+002 45.
  5.96677368e+002 45. 5.83090881e+002 5.21818199e+001 5.43573181e+002
  6.48280487e+001 5.02774414e+002 7.36978912e+001 4.61774872e+002
  8.16068497e+001 4.20689331e+002 8.89138336e+001 3.79400696e+002
  9.51066208e+001 3.38176392e+002 1.00909508e+002 2.96923859e+002 107.
  2.55225739e+002 1.09251617e+002 2.13661011e+002 1.13251060e+002
  1.72170059e+002 1.16909996e+002 1.30793884e+002 120. 8.91231537e+001
  1.22097427e+002 7.66082458e+001 123. 1.18389633e+002 123.
  1.60171021e+002 123. 2.01952408e+002 123. 2.43733795e+002 123.
  2.85515198e+002 123. 3.27274841e+002 1.22477097e+002 3.68799957e+002
  119. 4.10581360e+002 119. 4.52362762e+002 119. 4.94144165e+002 119.
  5.35763306e+002 118. 5.76317932e+002 114. 5.68235718e+002
  1.17394897e+002 5.27014526e+002 1.24088264e+002 4.85646515e+002
  1.29907639e+002 4.44542114e+002 1.36495316e+002 4.03715881e+002
  1.44071030e+002 3.62644348e+002 151. 3.23666290e+002 162.
  2.90098419e+002 1.85535446e+002 2.63407990e+002 2.16910431e+002
  2.40840363e+002 2.51739456e+002 234. 2.92170776e+002 2.43379395e+002
  3.31758789e+002 2.72334106e+002 3.59428894e+002 3.13106964e+002
  3.67678558e+002 3.54799500e+002 369. 3.96544891e+002 3.69506409e+002
  4.37975281e+002 3.68012360e+002 4.74221283e+002 3.49584045e+002
  4.95949768e+002 3.15575378e+002 4.97352844e+002 2.75117065e+002
  4.78525391e+002 2.38288101e+002 4.48952576e+002 2.10976288e+002
  4.10121033e+002 1.97177444e+002 3.70183258e+002 1.85788834e+002 330.
  182.</Path2D>
</opencv_storage>
