<?xml version="1.0"?>
<opencv_storage>
<Parameter>
  <Count>64</Count></Parameter>
<Path2D>
  266. 24. 2.65804871e+002 3.23902817e+001 265. 4.06366196e+001 265.
  4.90729675e+001 265. 5.75093155e+001 265. 6.59456635e+001 266.
  7.42197342e+001 266. 8.26560822e+001 2.67160675e+002 9.07410049e+001
  2.69085663e+002 9.87141495e+001 2.70191101e+002 1.06955490e+002 271.
  1.15311737e+002 2.72271118e+002 1.23626625e+002 273. 1.32002655e+002
  273. 1.40438995e+002 273. 1.48875336e+002 2.73873230e+002
  1.57239410e+002 274. 1.65665268e+002 274. 1.74101608e+002 274.
  1.82537949e+002 2.74986328e+002 1.90904205e+002 275. 1.99339584e+002
  275. 2.07775925e+002 2.75237732e+002 2.16188736e+002 2.76747955e+002
  2.24487701e+002 277. 2.32903183e+002 277. 2.41339523e+002 277.
  2.49775864e+002 277. 2.58212219e+002 277. 2.66648560e+002 277.
  2.75084900e+002 277. 2.83521240e+002 277. 2.91957581e+002 277.
  3.00393921e+002 277. 3.08830261e+002 277. 3.17266602e+002 277.
  3.25702942e+002 277. 3.34139282e+002 2.75438843e+002 3.42366913e+002
  275. 3.50766937e+002 2.74371796e+002 3.59141083e+002 274.
  3.67540619e+002 274. 3.75976959e+002 274. 3.84413300e+002 273.
  3.92435425e+002 274. 4.00709503e+002 274. 4.09145844e+002 274.
  4.17582184e+002 275. 4.25895416e+002 277. 4.32917542e+002
  2.76342255e+002 4.41288757e+002 2.78862793e+002 446. 2.87299133e+002
  446. 2.95682373e+002 4.45463531e+002 3.04072815e+002 445.
  3.12509155e+002 445. 3.20945496e+002 445. 3.29381836e+002 445.
  3.37818176e+002 445. 3.46254517e+002 445. 3.54690857e+002 445.
  3.63127197e+002 445. 3.71563538e+002 445. 3.79999878e+002 445.</Path2D>
</opencv_storage>
