<?xml version="1.0"?>
<opencv_storage>
<Parameter>
  <Count>64</Count></Parameter>
<Path2D>
  271. 26. 271. 4.16479492e+001 271. 5.72958984e+001 271.
  7.29438477e+001 271. 8.85917969e+001 271. 1.04239746e+002 271.
  1.19887695e+002 2.72873291e+002 1.35366409e+002 274. 1.50919052e+002
  274. 1.66567001e+002 2.72017914e+002 1.81937347e+002 2.70169495e+002
  1.97474533e+002 2.68249481e+002 2.13004105e+002 2.67170593e+002
  2.28561737e+002 266. 2.44104141e+002 2.65658630e+002 2.59730835e+002
  2.63398254e+002 2.75212250e+002 2.61185303e+002 2.90702942e+002
  2.58414551e+002 3.06098083e+002 2.55449066e+002 3.21428284e+002
  2.51852676e+002 3.36441986e+002 249. 3.51479431e+002 248.
  3.66965088e+002 2.48304443e+002 3.81913361e+002 2.51367783e+002
  3.97103363e+002 2.54981400e+002 4.12271332e+002 259. 4.27237854e+002
  2.71885803e+002 430. 2.87471497e+002 431. 3.02921417e+002 433.
  3.18569366e+002 433. 3.34217316e+002 433. 3.49861145e+002
  4.33124084e+002 3.65479919e+002 434. 3.81127869e+002 434.
  3.96775818e+002 434. 4.12423767e+002 434. 4.28071716e+002 434. 436.
  4.26280334e+002 436. 4.10632385e+002 436. 3.94984436e+002
  4.36846283e+002 3.79383362e+002 439. 3.63924255e+002 439.
  3.48276306e+002 439. 3.32628357e+002 439. 3.16980408e+002
  4.38917206e+002 3.01337616e+002 4.37088593e+002 2.85797241e+002 436.
  2.70216461e+002 434. 2.54814728e+002 432. 2.39348557e+002 430.
  2.24085770e+002 430. 2.08437820e+002 4.32549591e+002 1.93351196e+002
  433. 1.77776337e+002 433. 1.62128387e+002 433. 1.46480438e+002
  4.32477875e+002 1.30955750e+002 430. 1.15997101e+002 430.
  1.00349152e+002 430. 8.47012024e+001 430. 6.90532532e+001
  4.31127625e+002 5.38723793e+001 434. 40.</Path2D>
</opencv_storage>
