<?xml version="1.0"?>
<opencv_storage>
<Parameter>
  <Count>64</Count></Parameter>
<Path2D>
  272. 20. 2.78785370e+002 2.73561440e+001 2.80675385e+002
  3.93507881e+001 284. 5.10255547e+001 284. 6.33375778e+001 284.
  7.56495972e+001 284. 8.79616165e+001 284. 1.00273636e+002
  2.86411194e+002 1.12233551e+002 287. 1.24450027e+002 287.
  1.36762054e+002 287. 1.49074081e+002 287. 1.61386108e+002 287.
  1.73698135e+002 287. 1.86010162e+002 287. 1.98322189e+002 287.
  2.10634216e+002 287. 2.22946243e+002 287. 2.35258270e+002 287.
  2.47570297e+002 287. 2.59882324e+002 287. 2.72194336e+002 287.
  2.84506348e+002 287. 2.96818359e+002 287. 3.09130371e+002 287.
  3.21442383e+002 287. 3.33754395e+002 287. 3.46066406e+002 287.
  3.58378418e+002 287. 3.70690430e+002 287. 3.83002441e+002 287.
  3.95314453e+002 2.88626465e+002 406. 3.00938477e+002 406.
  3.13250488e+002 406. 3.25562500e+002 406. 3.37791748e+002 407.
  3.50103760e+002 407. 3.62415771e+002 407. 3.74727783e+002 407.
  3.87039795e+002 407. 3.99351807e+002 407. 4.02336182e+002 407.
  3.90024170e+002 407. 3.77874420e+002 408. 3.65724670e+002 409.
  3.53412659e+002 409. 3.41217072e+002 4.09945740e+002 3.29393341e+002
  4.12404419e+002 3.17810730e+002 4.15063080e+002 3.06049103e+002 418.
  2.93899353e+002 419. 2.88412659e+002 419. 3.00724670e+002 419.
  3.13036682e+002 419. 3.25348694e+002 419. 3.37660706e+002 419.
  3.49965210e+002 4.19120667e+002 3.62222473e+002 420. 3.74062347e+002
  422. 3.86251251e+002 423. 3.98440155e+002 424. 4.10337952e+002 425.
  4.20999847e+002 4.22000275e+002</Path2D>
</opencv_storage>
