<?xml version="1.0"?>
<opencv_storage>
<Parameter>
  <Count>64</Count></Parameter>
<Path2D>
  261. 20. 262. 4.11750259e+001 257. 6.15980911e+001 257.
  8.31873322e+001 257. 1.04776573e+002 257. 1.26365814e+002 257.
  1.47955048e+002 257. 1.69544281e+002 257. 1.91133514e+002 257.
  2.12722748e+002 256. 2.34229218e+002 2.55558960e+002 2.55764160e+002
  253. 2.77078705e+002 251. 2.98406647e+002 248. 3.19731354e+002 243.
  3.40277313e+002 241. 3.61605255e+002 239. 3.82722351e+002
  2.55311584e+002 388. 2.76437134e+002 3.91776733e+002 2.97852966e+002
  3.94485291e+002 3.19218506e+002 397. 3.40762390e+002 398.
  3.62321442e+002 3.98665588e+002 3.83840118e+002 400. 3.90669647e+002
  401. 3.69080414e+002 401. 3.47963318e+002 403. 3.26976715e+002
  4.06255829e+002 3.05803650e+002 409. 2.84501984e+002 4.11149811e+002
  2.62955139e+002 412. 2.41365906e+002 412. 2.25777985e+002
  4.13777985e+002 2.47109741e+002 416. 2.68643585e+002 417.
  2.90232819e+002 417. 3.11789948e+002 4.17708191e+002 3.33365936e+002
  418. 3.54955170e+002 418. 3.76544403e+002 418. 3.98133636e+002 418.
  4.19722870e+002 418. 4.41161804e+002 4.19369293e+002 4.62626434e+002
  421. 474. 4.10784332e+002 4.69961578e+002 3.89846283e+002
  4.65352875e+002 3.68823029e+002 462. 3.47600983e+002 4.58858093e+002
  3.26432434e+002 4.54197845e+002 3.05384979e+002 4.50834076e+002
  2.84113556e+002 4.46662537e+002 2.62975250e+002 4.44009521e+002
  2.41561951e+002 4.40325653e+002 2.20291061e+002 4.36995239e+002
  1.98976227e+002 4.34686890e+002 1.77590973e+002 4.30147827e+002
  1.56517380e+002 4.27033813e+002 1.35169037e+002 423. 1.14086189e+002
  421. 9.27190781e+001 420. 7.12921143e+001 4.22583344e+002
  5.04166451e+001 423. 29.</Path2D>
</opencv_storage>
