<?xml version="1.0"?>
<opencv_storage>
<Parameter>
  <Count>64</Count></Parameter>
<Path2D>
  182. 449. 1.91305069e+002 449. 2.00540024e+002 4.48291992e+002
  2.09722656e+002 4.47055481e+002 2.18923203e+002 446. 2.28157196e+002
  445. 2.37391190e+002 444. 2.46643890e+002 4.43471222e+002
  2.55794327e+002 4.41820557e+002 2.65058472e+002 441. 2.74351807e+002
  4.40764832e+002 2.83608826e+002 4.39821228e+002 2.92823914e+002
  4.38594696e+002 3.01934296e+002 4.36723663e+002 3.11064819e+002 435.
  3.20324036e+002 4.34445984e+002 3.29592194e+002 434. 3.38814484e+002
  433. 3.48119537e+002 433. 354. 4.27639893e+002 3.55280273e+002
  4.18598633e+002 357. 4.09487946e+002 357. 4.00182892e+002 357.
  3.90877838e+002 357. 3.81572784e+002 357. 3.72267731e+002
  3.56299744e+002 3.62997589e+002 356. 3.53707458e+002 356.
  3.44402405e+002 356. 3.35097351e+002 3.53354187e+002 3.26180603e+002
  3.51555939e+002 3.17057739e+002 3.49784637e+002 3.07923157e+002
  3.48051147e+002 2.98781342e+002 347. 2.89571045e+002 3.45974182e+002
  2.80409637e+002 3.44364014e+002 2.71276245e+002 3.42871368e+002
  2.62099487e+002 3.41483185e+002 2.52899124e+002 3.39751526e+002
  2.43757675e+002 3.38100250e+002 2.34601486e+002 3.36366364e+002
  2.25465485e+002 3.34718597e+002 2.16311569e+002 3.32652527e+002
  2.07262665e+002 331. 1.98184494e+002 330. 1.89041702e+002 330.
  1.79736633e+002 330. 1.70431564e+002 328. 1.61511658e+002 328.
  1.52206589e+002 328. 1.42901520e+002 3.29442444e+002 1.34115112e+002
  330. 1.24941666e+002 330. 1.15636597e+002 330. 1.06331528e+002 330.
  9.70264587e+001 330. 8.77213898e+001 330. 7.84163208e+001 329.
  6.95254669e+001 329. 6.02203979e+001 329. 5.09153290e+001 329.
  4.16102600e+001 329. 3.23051910e+001 329. 2.30001240e+001</Path2D>
</opencv_storage>
