<?xml version="1.0"?>
<opencv_storage>
<Parameter>
  <Count>64</Count></Parameter>
<Path2D>
  167. 437. 1.90151810e+002 439. 2.13596558e+002 4.39319305e+002
  2.36955643e+002 441. 2.60397797e+002 4.41549713e+002 2.83817535e+002
  4.42402496e+002 3.07246307e+002 4.43113312e+002 3.30682465e+002 444.
  3.52820313e+002 4.44359375e+002 355. 4.21123474e+002 3.57827515e+002
  3.97862366e+002 359. 3.74502106e+002 359. 3.51025726e+002
  3.58234924e+002 3.27584076e+002 358. 3.04118378e+002 3.55678253e+002
  2.80782562e+002 3.51669006e+002 2.57679596e+002 3.43470734e+002
  2.35765045e+002 3.35879883e+002 2.13579575e+002 3.31427948e+002
  1.90567673e+002 331. 1.67126724e+002 333. 1.43911652e+002 334.
  1.20597557e+002 334. 9.71211853e+001 335. 7.37438354e+001
  3.36804810e+002 5.07807579e+001 3.42006592e+002 2.99868279e+001 349.
  3.17763214e+001 3.53611084e+002 5.45277176e+001 3.58096100e+002
  7.73363342e+001 3.62420746e+002 1.00366028e+002 3.66951630e+002
  1.23330688e+002 3.71668121e+002 1.46004364e+002 3.74823273e+002
  1.68762817e+002 3.78551208e+002 1.91858475e+002 3.81609680e+002
  2.15048401e+002 383. 2.38403351e+002 384. 2.61808655e+002 384.
  2.85285034e+002 3.84531952e+002 3.08723602e+002 385. 3.32166718e+002
  385. 3.55643097e+002 3.85670227e+002 3.79010712e+002 3.89635681e+002
  4.01542755e+002 3.91810364e+002 4.24620697e+002 3.96836395e+002
  4.35327179e+002 4.00560760e+002 4.12635437e+002 4.06010895e+002
  3.89923737e+002 4.11288635e+002 3.67134094e+002 4.15937286e+002
  3.44313629e+002 4.19310028e+002 3.21104919e+002 4.25056854e+002
  2.98431458e+002 4.31009460e+002 2.75943237e+002 432. 2.52548843e+002
  431. 2.29234756e+002 4.30456329e+002 2.05825317e+002 4.28505615e+002
  1.82539276e+002 426. 1.59293015e+002 4.24142944e+002 1.36000656e+002
  4.20640686e+002 1.12844101e+002 419. 8.95438614e+001 418.
  6.62297668e+001 415. 4.33140221e+001 413. 21.</Path2D>
</opencv_storage>
