<?xml version="1.0"?>
<opencv_storage>
<Parameter>
  <Count>64</Count></Parameter>
<Path2D>
  177. 421. 1.94798630e+002 4.20743042e+002 2.12282608e+002 418.
  2.30082657e+002 4.17628845e+002 2.47871017e+002 417. 2.65668640e+002
  4.16575592e+002 2.83412354e+002 4.14962524e+002 3.01014465e+002
  4.12441223e+002 3.18734863e+002 4.11323578e+002 3.36528748e+002 411.
  3.54246613e+002 410. 3.71649292e+002 409. 3.56533813e+002 409.
  3.38910248e+002 4.10848297e+002 3.21255737e+002 4.12069794e+002
  3.03645874e+002 4.14261566e+002 2.86441040e+002 4.18519653e+002
  2.69421906e+002 4.23716797e+002 2.52161697e+002 4.27959564e+002
  2.34659683e+002 4.31075623e+002 2.17108749e+002 4.33987915e+002
  1.99964600e+002 4.38505890e+002 1.82514023e+002 4.41495331e+002
  1.66739868e+002 445. 1.84556763e+002 445. 2.02290894e+002 444.
  2.20107788e+002 444. 2.37869293e+002 443. 2.55686188e+002 443.
  2.73503082e+002 443. 2.91319977e+002 443. 3.09136871e+002 443.
  3.26953766e+002 443. 3.44770660e+002 443. 3.62587555e+002 443.
  3.80404449e+002 443. 3.98175964e+002 442. 4.15942963e+002 441.
  4.33695099e+002 4.40217499e+002 446. 4.33156311e+002 4.41216217e+002
  4.16648651e+002 4.37795624e+002 3.99386841e+002 436. 3.81861359e+002
  4.35261322e+002 3.64090454e+002 435. 3.46289825e+002 4.34501190e+002
  3.28508392e+002 4.32728363e+002 3.10826813e+002 4.29458801e+002
  2.93376434e+002 4.26297668e+002 2.75893005e+002 4.20965637e+002
  2.58896942e+002 4.14665771e+002 2.42248016e+002 4.08751617e+002
  2.25509720e+002 4.06484314e+002 2.07843018e+002 4.02624908e+002
  1.90499680e+002 4.01168427e+002 1.72842072e+002 400. 1.55140884e+002
  4.00737244e+002 1.37364822e+002 4.02814453e+002 1.19669853e+002
  4.03171814e+002 1.02030807e+002 400. 8.50407028e+001 399.
  6.73860931e+001 399. 4.95692062e+001 399. 3.17523193e+001 402. 15.</Path2D>
</opencv_storage>
