<?xml version="1.0"?>
<opencv_storage>
<Parameter>
  <Count>64</Count></Parameter>
<Path2D>
  186. 404. 2.15278854e+002 405. 2.45580612e+002 404. 2.75923950e+002
  404. 3.06267303e+002 404. 3.36610657e+002 404. 3.66954010e+002 404.
  3.55060516e+002 4.07234863e+002 3.25601440e+002 4.14036224e+002
  2.96053467e+002 4.20383972e+002 2.67035553e+002 4.28660736e+002
  2.37523499e+002 4.35164063e+002 2.07574341e+002 4.39675049e+002
  1.77841034e+002 4.45394867e+002 1.77893494e+002 447. 2.08236847e+002
  447. 2.38580200e+002 447. 2.68923553e+002 447. 2.99233612e+002 446.
  3.29576965e+002 446. 3.59920319e+002 446. 3.90263672e+002 446.
  4.20607025e+002 446. 448. 4.42463837e+002 448. 4.12120483e+002 448.
  3.81777130e+002 448. 3.51433777e+002 4.49544098e+002 3.21191345e+002
  450. 2.90880402e+002 4.51394684e+002 2.60631958e+002 4.55517059e+002
  2.30707382e+002 4.60978943e+002 2.01126266e+002 462. 1.70846909e+002
  4.65553070e+002 1.40787735e+002 4.70735718e+002 1.11057137e+002
  4.74454865e+002 8.12707977e+001 478. 5.13961372e+001 479.
  4.59472160e+001 478. 7.62283096e+001 477. 1.06526299e+002 477.
  1.36869644e+002 4.79992889e+002 1.66921753e+002 481. 1.97223190e+002
  483. 2.27413589e+002 485. 2.57476837e+002 485. 2.87820190e+002
  4.90359680e+002 3.17517822e+002 491. 3.47815674e+002 491.
  3.78159027e+002 4.93372467e+002 4.08117371e+002 497. 4.06453674e+002
  5.01371063e+002 3.76515717e+002 505. 3.46432983e+002 505.
  3.16089630e+002 506. 2.85791626e+002 507. 2.55483948e+002 507.
  2.25140594e+002 507. 1.94797241e+002 5.09815094e+002 1.64739594e+002
  515. 1.34893982e+002 5.19231567e+002 1.05305382e+002 526.
  7.66380539e+001 528. 4.66930466e+001 526. 17.</Path2D>
</opencv_storage>
