<?xml version="1.0"?>
<opencv_storage>
<Parameter>
  <Count>64</Count></Parameter>
<Path2D>
  333. 82. 332. 9.83199921e+001 330. 1.14540962e+002 330.
  1.31023239e+002 330. 1.47505508e+002 3.29517883e+002 1.63928436e+002
  327. 1.79948608e+002 328. 1.96331863e+002 330. 2.11985703e+002 330.
  2.28467972e+002 3.16049744e+002 231. 2.99725464e+002 2.32712418e+002
  2.83304504e+002 2.33527924e+002 2.66855774e+002 234. 2.50373505e+002
  234. 2.33891235e+002 234. 2.17455399e+002 2.34838287e+002
  2.00982086e+002 235. 1.84499817e+002 235. 1.68029678e+002
  2.35218918e+002 1.51590668e+002 236. 1.35138443e+002 2.36482697e+002
  1.18688377e+002 237. 1.02206108e+002 237. 8.58469391e+001 238.
  6.93646698e+001 238. 5.41250381e+001 239. 3.87072639e+001 236.
  3.93286743e+001 2.34611893e+002 5.55584564e+001 2.32360382e+002
  7.18590012e+001 2.30714096e+002 8.83056564e+001 230. 1.04738052e+002
  229. 1.21220322e+002 229. 1.37691498e+002 2.28755325e+002
  1.54139511e+002 228. 1.70621780e+002 228. 1.87104050e+002 228.
  2.03586319e+002 228. 2.20068588e+002 228. 2.36550858e+002 228.
  2.53033127e+002 228. 2.69515411e+002 228. 2.85952332e+002 227.
  3.02391754e+002 2.26055298e+002 3.18871521e+002 226. 3.35298401e+002
  225. 3.51780670e+002 225. 3.68262939e+002 225. 3.84745209e+002 225.
  4.01227478e+002 225. 4.17709747e+002 225. 4.34192017e+002 225.
  4.50674286e+002 225. 4.67156555e+002 225. 4.83638824e+002 225.
  5.00121094e+002 225. 5.16603394e+002 225. 5.33085693e+002 225.
  5.49567993e+002 225. 5.66050293e+002 225. 5.82532593e+002 225.
  5.98932129e+002 224. 615. 223.</Path2D>
</opencv_storage>
