<?xml version="1.0"?>
<opencv_storage>
<Parameter>
  <Count>64</Count></Parameter>
<Path2D>
  311. 69. 3.13880554e+002 9.17611160e+001 316. 1.14588943e+002
  3.11605804e+002 1.37182587e+002 3.00719757e+002 1.57467041e+002
  2.94133179e+002 1.79467239e+002 2.92346069e+002 2.02615738e+002 290.
  2.25639999e+002 2.92430847e+002 248. 3.03498474e+002 2.28253799e+002
  3.12042358e+002 2.06872925e+002 3.19241089e+002 1.84830215e+002 322.
  1.61790298e+002 3.24776184e+002 1.38790573e+002 3.31358612e+002
  1.16697952e+002 3.39422791e+002 9.50202026e+001 3.45754791e+002
  7.26130600e+001 3.54656494e+002 6.92825470e+001 3.58885223e+002
  9.21965027e+001 3.61636017e+002 1.15360268e+002 3.64698395e+002
  1.38444336e+002 367. 1.61519135e+002 367. 1.84847290e+002 366.
  2.08120071e+002 3.65715973e+002 2.31420105e+002 3.53387115e+002 245.
  3.30114349e+002 246. 3.06786194e+002 246. 2.83507904e+002 247.
  2.60179749e+002 247. 2.36851593e+002 247. 2.13523438e+002 247.
  1.90195282e+002 247. 1.66867126e+002 247. 1.43538971e+002 247.
  1.20210815e+002 247. 9.68826599e+001 247. 7.36098862e+001 248.
  5.02817268e+001 248. 4.18037910e+001 251. 6.51319504e+001 251.
  8.84601059e+001 251. 1.11788261e+002 251. 1.35056290e+002
  2.52205627e+002 1.58344833e+002 253. 1.81645233e+002 254.
  2.04973389e+002 254. 2.28301544e+002 254. 2.51609634e+002
  2.54682922e+002 2.74928467e+002 255. 2.98256622e+002 255.
  3.21575867e+002 2.55214661e+002 3.44871368e+002 256. 3.68199524e+002
  256. 3.91527679e+002 256. 4.14855835e+002 256. 4.38183990e+002 256.
  4.61437164e+002 2.55093811e+002 4.84757568e+002 255. 5.08085724e+002
  255. 5.31413879e+002 255. 5.54663696e+002 2.55331848e+002
  5.77739990e+002 2.56579987e+002 601. 257.</Path2D>
</opencv_storage>
