<?xml version="1.0"?>
<opencv_storage>
<Parameter>
  <Count>64</Count></Parameter>
<Path2D>
  32. 217. 4.91249008e+001 217. 6.60875244e+001 216. 8.32124252e+001
  216. 1.00247803e+002 2.17480606e+002 1.17211899e+002 2.19701981e+002
  1.34278137e+002 2.21019867e+002 1.51368073e+002 222. 1.68450562e+002
  2.22681320e+002 1.85493362e+002 224. 2.02618271e+002 224.
  2.19743179e+002 224. 2.36868088e+002 224. 2.53992996e+002 224.
  2.71117889e+002 224. 2.88242798e+002 224. 3.05367706e+002 224.
  3.22492615e+002 224. 3.39617523e+002 224. 3.56723877e+002
  2.23369186e+002 3.73837921e+002 223. 3.90962830e+002 223.
  4.08087738e+002 223. 4.25212646e+002 223. 4.42337555e+002 223.
  4.59462463e+002 223. 4.76587372e+002 223. 4.93712280e+002 223.
  5.10837189e+002 223. 5.27962097e+002 223. 5.45070862e+002
  2.23258865e+002 5.62066833e+002 225. 5.79186829e+002 2.25107895e+002
  5.96271240e+002 226. 6.13324524e+002 2.26441498e+002 6.01664917e+002
  2.27333588e+002 5.84587402e+002 228. 5.67462524e+002 228.
  5.50337646e+002 228. 5.33212769e+002 228. 5.16087891e+002 228.
  4.98962982e+002 228. 4.81838074e+002 228. 4.64713165e+002 228.
  4.47588257e+002 228. 4.30463348e+002 228. 4.13338440e+002 228.
  3.96258911e+002 227. 3.79134003e+002 227. 3.62009094e+002 227.
  3.44884186e+002 227. 3.28122681e+002 2.27877319e+002 3.12232117e+002
  2.32883942e+002 3.10593933e+002 2.47187866e+002 3.14913177e+002
  2.63565857e+002 3.18110596e+002 2.80276459e+002 321. 2.96875214e+002
  3.23604248e+002 3.13625549e+002 324. 3.30717712e+002 322.
  3.47597565e+002 321. 3.64560181e+002 3.22681030e+002 3.81362030e+002
  325. 3.97939514e+002 3.26000031e+002 4.10000061e+002</Path2D>
</opencv_storage>
