<?xml version="1.0"?>
<opencv_storage>
<Parameter>
  <Count>64</Count></Parameter>
<Path2D>
  38. 209. 6.00846214e+001 2.10297806e+002 8.27248077e+001 211.
  1.05369530e+002 210. 1.28014252e+002 209. 1.50671036e+002 208.
  1.73361115e+002 208. 1.96037201e+002 2.07663559e+002 2.18699692e+002
  207. 2.41348190e+002 206. 2.64038269e+002 206. 2.86728363e+002 206.
  3.09418457e+002 206. 3.32108551e+002 206. 3.54798645e+002 206.
  3.77488739e+002 206. 4.00178833e+002 206. 4.22868927e+002 206.
  4.45559021e+002 206. 4.68244263e+002 2.05951141e+002 4.90703552e+002
  2.03470917e+002 5.13360168e+002 203. 5.35927124e+002 204.
  5.58617188e+002 204. 5.81307251e+002 204. 5.96416870e+002 203.
  5.73991516e+002 2.05334274e+002 5.51371338e+002 2.06662857e+002
  5.28698059e+002 207. 5.06020264e+002 2.07270889e+002 4.83363251e+002
  208. 4.60745514e+002 2.09025452e+002 4.38128235e+002 2.10533798e+002
  4.15459290e+002 211. 3.92869965e+002 213. 3.70242126e+002 214.
  3.47627014e+002 2.14980453e+002 3.25027161e+002 2.16270264e+002
  3.02388184e+002 2.17361176e+002 2.79801025e+002 219. 2.81999542e+002
  2.38998184e+002 287. 2.61000793e+002 289. 2.83509094e+002 289.
  3.06199188e+002 2.91075562e+002 3.28604462e+002 2.93689880e+002
  3.51069641e+002 296. 3.73503540e+002 296. 3.87806366e+002 296.
  3.65116272e+002 2.97962280e+002 3.42632019e+002 3.03810822e+002
  3.20756683e+002 3.09206421e+002 2.98777588e+002 3.12089905e+002
  2.76370575e+002 3.18102356e+002 2.54590591e+002 3.23579010e+002
  2.32841965e+002 3.32986359e+002 2.21972687e+002 3.39750092e+002
  2.43625290e+002 3.46194214e+002 2.65359589e+002 3.50112427e+002
  2.87674622e+002 3.54936768e+002 3.09810272e+002 3.58493744e+002
  3.31962402e+002 359. 3.54610596e+002 362. 3.75724182e+002 364. 397.</Path2D>
</opencv_storage>
