<?xml version="1.0"?>
<opencv_storage>
<Parameter>
  <Count>64</Count></Parameter>
<Path2D>
  33. 195. 4.36396561e+001 196. 5.45153809e+001 196. 6.53911057e+001
  196. 7.62668304e+001 196. 8.71425552e+001 196. 9.80182800e+001 196.
  1.08894005e+002 196. 1.19769730e+002 196. 1.30645447e+002 196.
  1.41521164e+002 196. 1.52396881e+002 196. 1.63272598e+002 196.
  1.74148315e+002 196. 1.85024033e+002 196. 1.95899750e+002 196.
  2.06743546e+002 1.96703964e+002 2.17605835e+002 197. 2.28481552e+002
  197. 2.39357269e+002 197. 2.50220596e+002 1.97174377e+002
  2.61037659e+002 198. 2.71894165e+002 1.98270599e+002 2.82718048e+002
  199. 2.93593781e+002 199. 3.04469513e+002 199. 3.15345245e+002 199.
  3.26220978e+002 199. 3.37096710e+002 199. 3.47972443e+002 199.
  3.58848175e+002 199. 3.69723907e+002 199. 3.80599640e+002 199.
  3.91475372e+002 199. 4.02351105e+002 199. 4.12985199e+002
  1.96802963e+002 4.23781403e+002 196. 4.34657135e+002 196.
  4.45532867e+002 196. 4.56408600e+002 196. 4.67284332e+002 196.
  4.78160065e+002 196. 4.89035797e+002 196. 4.99911530e+002 196.
  5.10787262e+002 196. 5.21662964e+002 196. 5.32538696e+002 196.
  5.43410278e+002 1.96108475e+002 5.54253967e+002 1.96942612e+002
  5.65127502e+002 197. 5.75828369e+002 1.98765671e+002 5.86618652e+002
  200. 5.97494385e+002 200. 607. 2.01370102e+002 605. 2.11640274e+002
  603. 2.22043869e+002 602. 2.32757309e+002 601. 2.43509933e+002 601.
  2.54385651e+002 5.99007568e+002 2.64977234e+002 597. 2.75201447e+002
  5.95531189e+002 2.85468781e+002 595. 2.96124481e+002 595. 307.</Path2D>
</opencv_storage>
