<?xml version="1.0"?>
<opencv_storage>
<Parameter>
  <Count>64</Count></Parameter>
<Path2D>
  320. 13. 319. 2.06504765e+001 319. 2.87151680e+001 319.
  3.67798576e+001 3.20893097e+002 4.45723267e+001 322. 5.22096443e+001
  322. 6.02743340e+001 3.23434570e+002 6.81728897e+001 3.24286591e+002
  7.61463089e+001 325. 8.41231766e+001 325. 9.21878662e+001 325.
  1.00252556e+002 326. 1.08154968e+002 327. 1.16057381e+002 327.
  1.24122070e+002 3.27624969e+002 1.32124878e+002 328. 1.40152435e+002
  328. 1.48217133e+002 328. 1.56281830e+002 328. 1.64346527e+002 328.
  1.72411224e+002 329. 1.80239853e+002 329. 1.88304550e+002 329.
  1.96369247e+002 329. 2.04433945e+002 329. 2.12498642e+002 329.
  2.20563339e+002 329. 2.28628036e+002 329. 2.36692734e+002 329.
  2.44757431e+002 329. 2.52822128e+002 329. 2.60886810e+002 329.
  2.68951508e+002 329. 2.77016205e+002 3.29718536e+002 2.85029816e+002
  3.31473297e+002 2.92893127e+002 3.32968811e+002 3.00812805e+002 333.
  3.08874908e+002 333. 3.16939606e+002 3.33849121e+002 3.24943939e+002
  334. 3.32997894e+002 334. 3.41062592e+002 334. 3.49127289e+002
  3.33146454e+002 3.57121338e+002 3.31961792e+002 3.65095490e+002
  3.29542572e+002 3.72744507e+002 328. 3.80602020e+002 3.26893402e+002
  3.88533051e+002 326. 3.96509277e+002 326. 4.04573975e+002 326.
  4.12638672e+002 326. 4.20703369e+002 3.20060364e+002 424.
  3.11995667e+002 424. 3.03930969e+002 424. 2.95924469e+002
  4.24358521e+002 2.87963867e+002 425. 2.80727600e+002 427.
  2.72662903e+002 427. 2.65012421e+002 428. 2.57038849e+002
  4.28740295e+002 2.49006134e+002 429. 2.41032761e+002 4.29741821e+002
  233. 430.</Path2D>
</opencv_storage>
