<?xml version="1.0"?>
<opencv_storage>
<Parameter>
  <Count>64</Count></Parameter>
<Path2D>
  517. 24. 5.08643036e+002 3.42379875e+001 4.96201538e+002
  4.12846069e+001 4.83700775e+002 4.82441063e+001 4.70837982e+002
  5.46640091e+001 4.57891602e+002 6.08433571e+001 4.44922150e+002
  6.70345993e+001 4.31797546e+002 7.29102020e+001 4.18441711e+002
  7.81860962e+001 4.04839966e+002 8.27828674e+001 3.91615723e+002
  8.83624420e+001 3.79227936e+002 9.56632462e+001 3.67348053e+002
  1.03756355e+002 3.54944031e+002 1.11027985e+002 3.42285767e+002
  1.17809494e+002 3.29662842e+002 1.24534866e+002 3.17041321e+002
  1.31287613e+002 3.03313049e+002 1.35562317e+002 2.89722809e+002
  1.40222061e+002 2.76044495e+002 1.44651840e+002 2.63470703e+002
  1.51588181e+002 2.50683456e+002 1.58158279e+002 2.38496414e+002
  1.65751801e+002 2.25496704e+002 1.71890350e+002 2.12717316e+002
  1.78427567e+002 1.99184174e+002 1.83271942e+002 1.85446030e+002
  1.87276993e+002 1.72174164e+002 1.92730331e+002 1.59353088e+002
  1.99188141e+002 1.45933731e+002 2.03066269e+002 1.33581604e+002 209.
  124. 2.16905350e+002 1.35510223e+002 2.25255112e+002 1.46697845e+002
  2.33827347e+002 1.59183075e+002 2.40961761e+002 1.72156311e+002
  2.47149063e+002 1.84873199e+002 2.53854797e+002 1.97598404e+002
  2.60551544e+002 2.10331161e+002 2.67234131e+002 2.23039917e+002
  2.73962311e+002 2.35631546e+002 2.80906433e+002 2.48005585e+002
  2.88217865e+002 2.60403595e+002 2.95418182e+002 2.73315460e+002
  3.01655670e+002 2.85562195e+002 3.09192139e+002 2.97903992e+002
  3.16563690e+002 3.10605713e+002 3.23302856e+002 3.23157135e+002
  3.30281830e+002 3.34963440e+002 3.38472565e+002 3.47389160e+002
  3.45666809e+002 3.59071350e+002 3.54041626e+002 3.71480927e+002
  3.61306030e+002 3.83670959e+002 3.68928314e+002 3.95988770e+002
  3.76325836e+002 4.06759216e+002 3.85759216e+002 4.18556396e+002
  3.93968842e+002 4.29321930e+002 4.03457520e+002 4.40683838e+002
  4.12122559e+002 4.52795227e+002 4.19872009e+002 4.65130829e+002
  4.27130829e+002 4.76122375e+002 4.35244751e+002 4.85103699e+002 445.
  4.95538971e+002 4.53538971e+002 5.04999969e+002 4.63999969e+002</Path2D>
</opencv_storage>
