<?xml version="1.0"?>
<opencv_storage>
<Parameter>
  <Count>64</Count></Parameter>
<Path2D>
  128. 440. 1.40019516e+002 4.20470734e+002 1.50403595e+002
  3.99192810e+002 1.61125351e+002 3.78093323e+002 1.71987518e+002
  3.57024963e+002 1.79366119e+002 3.34704895e+002 1.83449265e+002
  3.11304413e+002 1.88193512e+002 2.88032410e+002 1.93016998e+002
  2.64949005e+002 2.00797592e+002 2.42472290e+002 2.09262344e+002
  2.20425919e+002 2.17546768e+002 1.98359711e+002 2.26941986e+002
  1.77645050e+002 2.36492676e+002 1.57029297e+002 2.44774872e+002
  1.35450256e+002 2.56091614e+002 1.14816803e+002 2.66826721e+002
  9.39332352e+001 2.77473663e+002 7.28772278e+001 2.90891327e+002
  5.42173347e+001 3.03253601e+002 4.21268082e+001 3.18229614e+002
  5.94592094e+001 3.29513428e+002 8.02701492e+001 3.37470642e+002
  1.02353195e+002 3.44918030e+002 1.24754089e+002 3.52101166e+002
  1.47252914e+002 3.62159546e+002 1.68739334e+002 3.69019928e+002
  1.91059830e+002 3.76173279e+002 2.13346558e+002 3.83335175e+002
  2.35005524e+002 3.90550781e+002 2.57652374e+002 3.97218506e+002
  2.79873993e+002 4.05510437e+002 3.02020874e+002 4.14364685e+002
  3.23729401e+002 423. 3.45084534e+002 4.30343750e+002 3.65895813e+002
  4.37910706e+002 3.86910706e+002 4.46697662e+002 4.08093018e+002
  4.52269897e+002 425. 4.31123718e+002 4.14561859e+002 4.09672302e+002
  4.04836151e+002 3.88811890e+002 3.93524750e+002 3.68195953e+002
  3.81717560e+002 3.46758301e+002 3.71379150e+002 3.24436249e+002
  3.63145416e+002 3.02170105e+002 3.54813782e+002 2.79605713e+002
  3.47201904e+002 2.57200256e+002 3.39200073e+002 2.34004044e+002
  3.33889801e+002 2.11576401e+002 3.26164673e+002 1.91820908e+002
  3.13955231e+002 1.71466980e+002 3.02311310e+002 1.53302078e+002
  2.87868042e+002 1.64891052e+002 282. 1.88706177e+002 282.
  2.12517288e+002 2.81935333e+002 2.36240204e+002 2.80250885e+002
  2.59972900e+002 279. 2.83705261e+002 278. 3.07520386e+002 278.
  3.31309570e+002 2.77738098e+002 3.55051605e+002 277. 3.78866730e+002
  277. 4.02599091e+002 276. 426. 275.</Path2D>
</opencv_storage>
