<?xml version="1.0"?>
<opencv_storage>
<Parameter>
  <Count>64</Count></Parameter>
<Path2D>
  204. 37. 205. 6.40425339e+001 205. 9.13211288e+001 205.
  1.18599724e+002 2.05308792e+002 1.45852768e+002 206. 1.73074158e+002
  206. 2.00352753e+002 206. 2.27631348e+002 206. 2.54909943e+002
  2.05804611e+002 2.82172363e+002 203. 3.09162231e+002 200.
  3.36111847e+002 1.95645813e+002 3.62416748e+002 1.90206467e+002
  3.88967682e+002 184. 4.14778870e+002 188. 4.01104797e+002
  1.85020294e+002 3.74142029e+002 183. 3.46975647e+002 1.82785797e+002
  3.19714783e+002 1.77491913e+002 2.92967682e+002 1.73989029e+002
  2.65950623e+002 172. 2.38890366e+002 172. 2.11611771e+002 179.
  1.85751099e+002 1.89948257e+002 1.61103485e+002 2.02391525e+002
  1.37347458e+002 2.14732025e+002 1.13339882e+002 228. 8.96903610e+001
  2.44736191e+002 6.92638016e+001 2.68662842e+002 5.95842896e+001
  2.94947937e+002 5.33506851e+001 3.21611725e+002 49. 3.48255920e+002
  52. 3.75091095e+002 5.53636971e+001 3.97688843e+002 6.88444214e+001
  4.11758698e+002 9.11380310e+001 4.16331116e+002 1.17324524e+002 417.
  1.44520782e+002 410. 1.69883118e+002 3.93610992e+002 1.90388992e+002
  3.69272339e+002 2.01151779e+002 3.43750977e+002 2.09749680e+002
  3.17822540e+002 2.17588730e+002 2.91587891e+002 2.22470703e+002
  2.65939026e+002 2.28030487e+002 2.47930359e+002 234. 2.75208954e+002
  234. 3.01381592e+002 2.40345398e+002 3.27714264e+002 2.46942856e+002
  3.48619873e+002 2.60309937e+002 3.65058502e+002 2.81029266e+002
  3.80312775e+002 3.01312775e+002 3.95974396e+002 3.22974396e+002
  4.05509644e+002 3.48038635e+002 413. 3.73262268e+002 4.02251709e+002
  3.95748291e+002 3.79298462e+002 4.08900513e+002 3.53680817e+002
  4.17663849e+002 3.27179840e+002 422. 3.00553101e+002 4.27074493e+002
  2.73513367e+002 429. 2.48299271e+002 425. 2.23971512e+002 418.
  2.02000031e+002 4.09000031e+002</Path2D>
</opencv_storage>
