<?xml version="1.0"?>
<opencv_storage>
<Parameter>
  <Count>64</Count></Parameter>
<Path2D>
  465. 80. 4.54460205e+002 7.03451462e+001 4.41014832e+002
  6.25074196e+001 4.27099396e+002 5.60596428e+001 4.12639221e+002
  5.03196144e+001 3.97882263e+002 4.52205696e+001 3.83113525e+002
  4.00454063e+001 3.67922211e+002 3.63074036e+001 3.52497375e+002 34.
  3.37584595e+002 31. 3.22362183e+002 28. 3.06752655e+002 27.
  2.91072052e+002 27. 2.75391449e+002 27. 2.59793610e+002 28.
  2.44399231e+002 3.00858250e+001 2.28927216e+002 3.26145554e+001
  2.13672577e+002 3.58318558e+001 2.02761200e+002 4.58258629e+001
  1.93282944e+002 5.77170563e+001 1.84316406e+002 7.04726486e+001
  1.74675613e+002 8.24865799e+001 1.65107605e+002 9.48493576e+001
  1.55253510e+002 1.06995323e+002 1.46307785e+002 1.19865273e+002
  1.37713913e+002 1.32929138e+002 1.30636322e+002 1.46818405e+002
  1.24648537e+002 1.61054398e+002 123. 1.76467468e+002 123.
  1.92148056e+002 122. 2.07729630e+002 122. 2.23410217e+002
  1.20031845e+002 2.38872604e+002 120. 2.54549286e+002 122.
  2.69757751e+002 125. 2.84709686e+002 128. 2.99868835e+002
  1.31289352e+002 3.14868073e+002 1.38399887e+002 3.28799774e+002
  1.44984070e+002 3.42952209e+002 1.50857086e+002 3.56857086e+002
  1.58286057e+002 3.70286041e+002 1.67078568e+002 3.83052368e+002
  1.79054581e+002 3.93081879e+002 186. 4.06458679e+002 1.96107239e+002
  4.18214478e+002 2.08756958e+002 4.26585663e+002 2.23217331e+002 431.
  2.38499588e+002 433. 2.54055374e+002 4.34013855e+002 2.69524963e+002
  4.35904999e+002 2.84852081e+002 439. 3.00370392e+002 440.
  3.16050995e+002 440. 3.31731598e+002 440. 3.47412201e+002 440.
  3.63092804e+002 440. 3.77859406e+002 4.36570313e+002 3.92200073e+002
  4.31799927e+002 4.06317413e+002 4.25227539e+002 4.20485046e+002 419.
  4.33911163e+002 4.12088837e+002 4.46976837e+002 4.05511597e+002 457.
  396.</Path2D>
</opencv_storage>
