<?xml version="1.0"?>
<opencv_storage>
<Parameter>
  <Count>64</Count></Parameter>
<Path2D>
  166. 28. 162. 5.48469772e+001 158. 8.13737869e+001 153.
  1.08285583e+002 1.49852661e+002 1.35294678e+002 147. 1.62373337e+002
  148. 1.89906769e+002 145. 2.17166031e+002 1.41447647e+002
  2.44418854e+002 1.39467010e+002 2.71865448e+002 132. 2.98089325e+002
  1.23431389e+002 3.23705841e+002 1.20986221e+002 3.51068878e+002
  1.18533028e+002 3.78400909e+002 116. 4.05342407e+002 1.18472786e+002
  4.31836700e+002 121. 4.29178925e+002 1.24910141e+002 4.02269562e+002
  1.30113586e+002 3.75318481e+002 134. 3.48075989e+002 1.39641418e+002
  3.21227203e+002 1.46543060e+002 2.94642334e+002 1.59021729e+002
  2.70304382e+002 1.70892349e+002 2.47107651e+002 1.79407516e+002
  2.21184967e+002 187. 1.94877716e+002 1.93812988e+002 1.68561020e+002
  2.03210541e+002 1.43157852e+002 2.11366028e+002 1.16901939e+002
  2.24834793e+002 9.37478027e+001 2.39689865e+002 7.16202698e+001
  2.56290131e+002 53. 2.81576477e+002 45. 3.08674622e+002 41.
  3.36180084e+002 40. 3.63784576e+002 40. 3.91212067e+002
  4.20706940e+001 4.18303955e+002 4.68839951e+001 4.43958527e+002
  5.61751251e+001 4.67693481e+002 7.02160873e+001 4.90070160e+002
  8.62561264e+001 5.10451813e+002 1.04451813e+002 5.27813477e+002
  1.25626907e+002 540. 1.49508560e+002 5.40041809e+002 1.76832825e+002
  5.36959778e+002 2.04120758e+002 531. 2.30549927e+002 5.24032471e+002
  2.56902527e+002 5.14542542e+002 2.82143585e+002 5.02187225e+002
  3.06687988e+002 4.84517670e+002 3.27611755e+002 4.63570343e+002
  3.45143707e+002 4.39191193e+002 3.57723511e+002 4.14910309e+002
  3.70044861e+002 3.90253693e+002 3.82247375e+002 3.65939575e+002
  3.95024170e+002 3.41235596e+002 4.07254791e+002 3.15137115e+002
  4.16198578e+002 2.88331787e+002 4.22556061e+002 2.61393005e+002 428.
  2.34535782e+002 4.33866058e+002 2.07209076e+002 436. 1.79604584e+002
  436. 1.52000092e+002 436.</Path2D>
</opencv_storage>
