<?xml version="1.0"?>
<opencv_storage>
<Parameter>
  <Count>64</Count></Parameter>
<Path2D>
  505. 41. 4.73886475e+002 4.02096062e+001 4.42786133e+002 39.
  4.11678223e+002 3.76913033e+001 3.80554474e+002 3.68393860e+001
  3.49501984e+002 3.50627480e+001 3.18348572e+002 35. 2.87314362e+002
  36. 2.56848297e+002 4.05930977e+001 2.25882172e+002 42.
  1.94724854e+002 42. 1.63666550e+002 41. 143. 5.46425743e+001
  1.36571136e+002 8.47154694e+001 1.32867798e+002 1.15396622e+002 128.
  1.45561356e+002 126. 1.76320328e+002 122. 2.06250870e+002 119.
  2.36521835e+002 1.45409836e+002 2.40401642e+002 1.76517624e+002 241.
  2.07674942e+002 241. 2.38832260e+002 241. 2.69890564e+002 240.
  3.00992493e+002 239. 3.32149811e+002 239. 3.63307129e+002 239.
  3.94464447e+002 239. 4.25587372e+002 2.38379181e+002 4.56466339e+002
  2.34306732e+002 4.87522217e+002 233. 4.99482758e+002 234.
  4.68380829e+002 235. 4.37365662e+002 237. 4.06263885e+002
  2.38624008e+002 3.75119995e+002 239. 3.43962677e+002 239.
  3.12805359e+002 239. 2.81689636e+002 238. 2.50573914e+002 237.
  2.19416595e+002 237. 1.88259277e+002 237. 1.57200974e+002 238.
  1.26043655e+002 238. 105. 2.48699448e+002 104. 2.79694489e+002 110.
  3.09747986e+002 114. 3.40319458e+002 117. 3.70412292e+002 122.
  4.00077698e+002 122. 4.31235016e+002 1.43877640e+002 4.37680267e+002
  1.74943253e+002 4.37867920e+002 2.05930344e+002 441. 2.37087662e+002
  441. 2.68189606e+002 442. 2.99346924e+002 442. 3.30488922e+002
  4.41723450e+002 3.61262115e+002 438. 3.92419434e+002 438.
  4.23576752e+002 438. 4.54734070e+002 438. 4.85655304e+002 439. 516.
  442.</Path2D>
</opencv_storage>
