<?xml version="1.0"?>
<opencv_storage>
<Parameter>
  <Count>64</Count></Parameter>
<Path2D>
  543. 36. 5.20362488e+002 36. 4.97724976e+002 36. 4.75584381e+002
  3.27372627e+001 4.53424438e+002 2.87853680e+001 4.30952057e+002
  2.61360092e+001 4.08605591e+002 2.27605572e+001 3.86051392e+002 21.
  3.63503357e+002 1.95629196e+001 3.40900909e+002 19. 3.18263397e+002
  19. 2.95625885e+002 19. 2.72988373e+002 19. 2.50350861e+002 19.
  2.27713348e+002 19. 2.05075836e+002 19. 1.82438324e+002 19.
  1.59843521e+002 1.85687046e+001 1.37492706e+002 1.50821171e+001
  1.15230705e+002 12. 1.21977211e+002 3.29316292e+001 125.
  5.51569481e+001 1.27612701e+002 7.75143051e+001 131. 9.97879944e+001
  1.32135651e+002 1.22356476e+002 1.35516479e+002 1.44681229e+002
  1.40156326e+002 1.66781662e+002 1.43274261e+002 1.89194031e+002
  1.46788010e+002 2.11546021e+002 150. 2.33665314e+002 153.
  2.55627304e+002 153. 2.78264801e+002 154. 3.00666229e+002 154.
  3.23303741e+002 154. 3.45941254e+002 157. 3.68018127e+002 156.
  3.90241425e+002 1.49007996e+002 4.10992004e+002 155. 4.29778717e+002
  154. 4.07377289e+002 150. 3.85223206e+002 1.48201767e+002
  3.62807068e+002 145. 3.40590027e+002 1.40803284e+002 3.18409851e+002
  1.34470993e+002 2.96825928e+002 1.28281799e+002 2.75127197e+002 125.
  2.53475922e+002 124. 2.31252625e+002 1.29431931e+002 2.19123413e+002
  1.51664368e+002 2.23073822e+002 1.73944016e+002 2.26849152e+002
  1.96203278e+002 2.30578140e+002 2.18803391e+002 2.31225418e+002
  2.41392670e+002 232. 2.64030182e+002 232. 2.86667694e+002 232.
  3.09236359e+002 2.31440903e+002 3.31696472e+002 230. 3.54333984e+002
  230. 3.76971497e+002 230. 3.99609009e+002 230. 4.22246521e+002 230.
  4.44884033e+002 230. 467. 233.</Path2D>
</opencv_storage>
