<?xml version="1.0"?>
<opencv_storage>
<Parameter>
  <Count>64</Count></Parameter>
<Path2D>
  178. 28. 1.94654282e+002 26. 2.11325775e+002 2.35348473e+001
  2.28280289e+002 2.25439415e+001 2.45279068e+002 22. 2.62260620e+002
  21. 2.79313263e+002 21. 2.96365906e+002 21. 3.13418549e+002 21.
  3.30471191e+002 21. 3.47523834e+002 21. 3.64521088e+002 22.
  3.81573730e+002 22. 3.98626373e+002 22. 4.15679016e+002 22.
  4.32731659e+002 22. 4.49784302e+002 22. 4.66600861e+002 21.
  4.50591553e+002 23. 4.33656189e+002 2.42929783e+001 4.16681183e+002
  2.55398521e+001 3.99745697e+002 2.75317879e+001 3.83012207e+002
  3.07469482e+001 3.67058105e+002 36. 3.50876801e+002 3.95615921e+001
  336. 4.36002007e+001 336. 6.06528358e+001 3.34183380e+002
  7.74498444e+001 3.32439636e+002 9.42414551e+001 331. 1.11077690e+002
  331. 1.28130325e+002 331. 1.45182953e+002 3.32176453e+002
  1.62058701e+002 334. 1.78920074e+002 3.34583008e+002 1.95914978e+002
  3.38634186e+002 2.12268341e+002 3.40242188e+002 2.28968735e+002 342.
  2.45845322e+002 343. 2.62735687e+002 343. 2.79788330e+002 344.
  2.96678680e+002 344. 3.13731323e+002 3.47481506e+002 3.30370605e+002
  348. 3.47386383e+002 3.46675934e+002 3.63972198e+002 342.
  3.79866516e+002 340. 3.96520813e+002 339. 4.13337372e+002
  3.38228973e+002 4.30156555e+002 3.31050873e+002 4.44898254e+002
  3.17594238e+002 4.53405762e+002 3.01881042e+002 4.59372986e+002
  2.84930145e+002 460. 2.67877502e+002 460. 2.50907639e+002 461.
  2.33855011e+002 461. 2.17806274e+002 457. 2.02517731e+002 451.
  1.87705063e+002 445. 1.72426575e+002 4.39426575e+002 1.61900452e+002
  4.29800903e+002 155. 4.16261414e+002 149. 4.02509338e+002 142. 388.</Path2D>
</opencv_storage>
