<?xml version="1.0"?>
<opencv_storage>
<Parameter>
  <Count>64</Count></Parameter>
<Path2D>
  161. 465. 1.63441513e+002 4.43675446e+002 168. 4.22631165e+002 168.
  4.00949585e+002 168. 3.79268005e+002 1.69189865e+002 3.57670990e+002
  1.72029160e+002 3.36226410e+002 1.76185730e+002 3.14978455e+002
  1.80256195e+002 2.93694183e+002 182. 2.72099152e+002 182.
  2.50417572e+002 182. 2.28735992e+002 182. 2.07054413e+002 182.
  1.85372833e+002 182. 1.63691254e+002 182. 1.42009674e+002 182.
  1.20328087e+002 183. 9.87292633e+001 184. 7.72099533e+001 186.
  5.58137512e+001 186. 3.41321678e+001 1.94097748e+002 4.04962387e+001
  2.04869675e+002 5.91654129e+001 2.16025406e+002 7.77005386e+001
  2.27176071e+002 9.62263870e+001 2.39658340e+002 1.13921669e+002
  2.51196136e+002 1.32252167e+002 2.63454895e+002 1.50078415e+002
  2.74883087e+002 1.68471832e+002 2.85479675e+002 1.87367477e+002
  2.95725830e+002 2.06451691e+002 3.08091949e+002 2.24137924e+002
  3.21104034e+002 2.41472031e+002 3.34112976e+002 2.58817291e+002
  3.45952087e+002 2.76920135e+002 3.58176300e+002 2.94528900e+002
  3.70224121e+002 3.12373535e+002 3.82906036e+002 3.29890350e+002
  3.95119354e+002 3.47743225e+002 4.07545044e+002 3.65453827e+002
  4.19309723e+002 3.83309723e+002 431. 3.99601349e+002 4.41315186e+002
  4.17315186e+002 4.49984833e+002 4.35984833e+002 454. 4.27754089e+002
  454. 4.06072510e+002 4.54177704e+002 3.84400757e+002 455.
  3.62764709e+002 4.54311737e+002 3.41117462e+002 4.51594604e+002
  3.19756775e+002 450. 2.98235321e+002 450. 2.76553741e+002
  4.48214600e+002 2.55073029e+002 447. 2.33511719e+002 447.
  2.11830139e+002 449. 1.90394760e+002 450. 1.68795944e+002
  4.51252655e+002 1.47231339e+002 4.54028717e+002 1.25770180e+002 455.
  1.04149063e+002 458. 8.27835846e+001 460. 6.13632965e+001 460.
  3.96817131e+001 4.60999878e+002 19.</Path2D>
</opencv_storage>
