<?xml version="1.0"?>
<opencv_storage>
<Parameter>
  <Count>64</Count></Parameter>
<Path2D>
  333. 24. 3.14656006e+002 21. 2.95744873e+002 18. 2.76449341e+002 18.
  2.57409912e+002 2.05300312e+001 2.39895111e+002 2.84885044e+001
  2.22296936e+002 3.63515320e+001 2.05637680e+002 4.59686012e+001
  1.88618835e+002 5.46905861e+001 1.73503876e+002 6.64961319e+001
  1.59480453e+002 7.95195541e+001 1.48087723e+002 9.47807007e+001
  1.36002670e+002 1.09663116e+002 1.25169624e+002 1.25383957e+002
  1.16778595e+002 1.42664215e+002 1.09505241e+002 1.60484283e+002
  1.04972977e+002 1.79040527e+002 101. 1.97266556e+002 9.74794388e+001
  2.16123383e+002 97. 2.35379242e+002 96. 2.54592010e+002
  9.65968933e+001 2.73790680e+002 1.04252396e+002 2.90501587e+002
  1.13413940e+002 3.07120911e+002 1.26199104e+002 3.21199097e+002
  1.39459427e+002 3.34918854e+002 1.52690308e+002 3.48380615e+002
  1.66433014e+002 3.61324768e+002 1.82830170e+002 3.71415100e+002
  2.00211884e+002 3.79662231e+002 2.18511002e+002 3.85251831e+002
  2.37305832e+002 3.89435272e+002 2.56384338e+002 3.91346100e+002
  2.75038757e+002 395. 2.93773651e+002 398. 3.12520416e+002
  4.01760193e+002 3.31400146e+002 404. 3.50695679e+002 404.
  3.68764435e+002 400. 3.84133698e+002 3.89433167e+002 3.99295349e+002
  3.77587219e+002 4.12476196e+002 3.63523804e+002 4.23802917e+002
  3.48036499e+002 4.34959137e+002 3.32401459e+002 4.44988373e+002
  3.16014526e+002 4.53892242e+002 2.98938568e+002 4.61374939e+002
  2.81250122e+002 4.68058380e+002 2.63236023e+002 4.73993958e+002
  2.45024231e+002 4.79410736e+002 2.26535645e+002 482. 2.07613434e+002
  482. 1.88317902e+002 483. 1.69184647e+002 483. 1.49889114e+002
  4.79392975e+002 1.31178925e+002 4.72972198e+002 1.13430481e+002
  4.63197906e+002 9.69973755e+001 4.51396454e+002 8.17455597e+001
  4.39852142e+002 6.68521500e+001 4.24550995e+002 5.53305931e+001
  4.10230316e+002 4.24868774e+001 3.94917572e+002 3.09175854e+001
  3.79467682e+002 2.02338409e+001 3.63000061e+002 13.</Path2D>
</opencv_storage>
