<?xml version="1.0"?>
<opencv_storage>
<Parameter>
  <Count>64</Count></Parameter>
<Path2D>
  198. 29. 1.93185791e+002 4.94426422e+001 1.87817993e+002
  7.10920563e+001 1.83305313e+002 9.27787247e+001 179. 1.14599220e+002
  178. 1.36864609e+002 1.77471817e+002 1.59169052e+002 1.73475647e+002
  1.81146133e+002 170. 2.03110870e+002 1.67680313e+002 2.25196869e+002
  1.64344772e+002 2.47276123e+002 159. 2.68859741e+002 153.
  2.90234222e+002 1.49958557e+002 3.12331512e+002 149. 3.34619995e+002
  145. 3.56363953e+002 141. 3.77921143e+002 1.35991165e+002
  3.99022064e+002 130. 4.19864349e+002 127. 4.40384094e+002 130.
  4.42666107e+002 137. 4.22136322e+002 140. 4.01186523e+002
  1.44474976e+002 3.79575073e+002 1.49161774e+002 3.57772003e+002 153.
  3.35837006e+002 1.57831085e+002 3.14091217e+002 1.64626877e+002
  2.92805969e+002 1.70458618e+002 2.71248291e+002 174. 2.49313080e+002
  175. 2.27063934e+002 1.76363846e+002 2.04816956e+002 1.80744598e+002
  1.83021606e+002 1.83018631e+002 1.60888214e+002 187. 1.39176178e+002
  1.89307983e+002 1.17076042e+002 1.94609573e+002 9.55616913e+001
  2.01102966e+002 7.46910858e+001 2.10790802e+002 5.52092018e+001
  2.21899872e+002 3.63003998e+001 2.39379562e+002 2.46204433e+001
  2.60460754e+002 1.95056076e+001 2.82591187e+002 17. 3.04939331e+002
  17. 3.26597198e+002 2.23134842e+001 3.48060852e+002 2.84459553e+001
  3.68758759e+002 3.67537613e+001 3.88958099e+002 4.54790535e+001
  4.06174774e+002 5.94498405e+001 4.17784973e+002 7.65699234e+001 425.
  9.64426422e+001 4.23404053e+002 1.18191917e+002 4.13499237e+002
  1.38001541e+002 4.04477142e+002 1.58204742e+002 3.91616577e+002
  1.76255600e+002 3.74243225e+002 1.89837845e+002 3.54730560e+002
  1.99507767e+002 3.33421265e+002 2.04763123e+002 3.11723633e+002
  2.09455276e+002 2.89976563e+002 2.14004684e+002 2.68322205e+002 218.
  2.46586853e+002 2.21804382e+002 2.24925293e+002 2.24383148e+002 203.
  226.</Path2D>
</opencv_storage>
