<?xml version="1.0"?>
<opencv_storage>
<Parameter>
  <Count>64</Count></Parameter>
<Path2D>
  299. 16. 2.70380371e+002 2.28732052e+001 2.42792557e+002
  3.40691452e+001 2.17242645e+002 4.86360245e+001 1.93424622e+002
  6.64338379e+001 1.71305923e+002 8.57705612e+001 1.53153000e+002
  1.08923500e+002 1.38842545e+002 1.35262421e+002 1.24313416e+002
  1.61529877e+002 1.11414940e+002 1.88462646e+002 1.00767433e+002
  2.16465134e+002 9.23903961e+001 2.44828812e+002 90. 2.74541962e+002
  9.19150772e+001 3.04490479e+002 95. 3.33850128e+002 1.00231529e+002
  3.62905182e+002 1.06412537e+002 3.91515686e+002 1.25206932e+002
  4.13882782e+002 1.52357468e+002 4.26678741e+002 1.80510376e+002
  4.36644348e+002 2.09745956e+002 443. 2.39350906e+002 4.47070190e+002
  2.69160004e+002 450. 2.99199951e+002 451. 3.29295288e+002 451.
  3.58533386e+002 4.45155548e+002 3.86606750e+002 4.34357300e+002
  4.13995392e+002 4.22502289e+002 4.38639130e+002 4.05488678e+002
  4.61182526e+002 3.85726227e+002 4.74120026e+002 3.58699921e+002
  4.85880981e+002 3.31178497e+002 497. 3.03456573e+002 5.01701538e+002
  2.74089142e+002 5.06505341e+002 2.44462677e+002 509. 2.14600540e+002
  5.07927094e+002 1.84635544e+002 4.98894745e+002 1.56578979e+002
  4.84663116e+002 1.30663116e+002 4.69471619e+002 1.05943214e+002
  4.50144958e+002 8.33587265e+001 4.28045837e+002 6.33638840e+001
  4.04825958e+002 46. 3.78675751e+002 3.38703041e+001 3.50147766e+002
  2.65738773e+001 3.20764404e+002 24. 2.95815643e+002 3.22458076e+001
  283. 5.89118576e+001 279. 8.83366318e+001 279. 1.18431961e+002 279.
  1.48527283e+002 281. 1.77794174e+002 2.85539246e+002 2.07078476e+002
  2.91362152e+002 2.36086472e+002 297. 2.65193115e+002 3.02517242e+002
  2.94293121e+002 312. 3.21649353e+002 3.29091614e+002 3.45568695e+002
  3.50518280e+002 3.66259155e+002 3.73442688e+002 3.83664032e+002
  3.96718903e+002 4.00718903e+002 4.22261536e+002 4.14753845e+002
  4.50300690e+002 4.21660126e+002 475. 427.</Path2D>
</opencv_storage>
