<?xml version="1.0"?>
<opencv_storage>
<Parameter>
  <Count>64</Count></Parameter>
<Path2D>
  497. 33. 4.75326630e+002 2.86653271e+001 4.53246735e+002
  2.47214985e+001 4.31204559e+002 21. 4.08848724e+002 1.96926746e+001
  3.86728668e+002 1.63457336e+001 3.64322968e+002 16. 3.41914825e+002
  1.65106468e+001 3.19871826e+002 1.95897408e+001 2.97823914e+002 23.
  2.75663452e+002 2.58894253e+001 2.53294922e+002 27. 2.31008804e+002
  29. 2.08710999e+002 31. 1.86436050e+002 3.31127892e+001
  1.64421021e+002 3.73082809e+001 1.42323883e+002 4.11126862e+001
  1.21282082e+002 4.73589592e+001 120. 6.78834229e+001 1.21031593e+002
  9.01579590e+001 1.26479416e+002 1.11876480e+002 1.37978027e+002
  1.29978027e+002 1.55079987e+002 1.44331421e+002 1.74068848e+002
  1.56029510e+002 1.94326141e+002 1.65663071e+002 2.15546555e+002
  1.72886642e+002 2.37561920e+002 1.77080276e+002 2.59423187e+002
  1.81583923e+002 2.81374695e+002 1.86053528e+002 3.03031830e+002
  1.91562637e+002 3.24270752e+002 1.98635376e+002 3.45449219e+002
  2.05816406e+002 3.66892731e+002 2.12428528e+002 3.88201691e+002
  2.19418640e+002 4.08918091e+002 2.27614029e+002 4.29148376e+002
  2.37074188e+002 4.48283447e+002 2.48770081e+002 4.66037598e+002
  2.62358398e+002 4.78520996e+002 2.80562958e+002 4.88387512e+002
  3.00387512e+002 5.00552979e+002 3.18829468e+002 5.08220154e+002
  3.39440338e+002 511. 3.61224030e+002 511. 3.83663971e+002
  5.04187103e+002 4.04625793e+002 4.90672089e+002 4.22218597e+002
  4.73040192e+002 4.34479919e+002 4.51830231e+002 4.41723267e+002
  4.30854004e+002 4.49572998e+002 4.09087921e+002 4.54318695e+002
  3.87131226e+002 4.58147522e+002 3.65101654e+002 461. 3.42907928e+002
  463. 3.20523590e+002 4.63782349e+002 2.98141327e+002 4.64762085e+002
  2.75714569e+002 465. 2.53296280e+002 4.64824066e+002 2.30957779e+002
  464. 2.09028580e+002 4.60676178e+002 1.87185196e+002 457.
  1.65326553e+002 453. 1.44828827e+002 4.44731537e+002 1.24485779e+002
  4.36242889e+002 109. 423.</Path2D>
</opencv_storage>
