<?xml version="1.0"?>
<opencv_storage>
<Parameter>
  <Count>64</Count></Parameter>
<Path2D>
  95. 24. 1.13925758e+002 23. 1.33265732e+002 23. 1.52605698e+002 23.
  1.71945663e+002 23. 1.91285629e+002 23. 2.10625595e+002 23.
  2.29884567e+002 2.40591640e+001 2.49152588e+002 25. 2.68492554e+002
  25. 2.87825012e+002 2.51659088e+001 3.07127136e+002 26.
  3.26464783e+002 2.60464783e+001 3.45757202e+002 27. 3.65097168e+002
  27. 3.84437134e+002 27. 4.03777100e+002 27. 4.23117065e+002 27.
  4.42457031e+002 27. 4.61796997e+002 27. 4.81074707e+002 26.
  5.00328949e+002 2.51342106e+001 5.19655640e+002 25. 5.38971191e+002
  2.45587578e+001 5.58280212e+002 24. 5.77512085e+002 2.31219769e+001
  5.96837036e+002 23. 6.08188599e+002 2.42075863e+001 5.89660645e+002
  2.94464474e+001 5.71015686e+002 3.44960823e+001 5.52788086e+002
  4.07137642e+001 5.33709351e+002 4.37863350e+001 5.14467651e+002
  4.57110291e+001 4.95224915e+002 4.75980835e+001 4.76098572e+002
  5.03223801e+001 4.56984772e+002 5.31832008e+001 4.37772766e+002
  5.53585815e+001 4.18539398e+002 57. 3.99267914e+002 5.83732071e+001
  3.80129608e+002 6.01611137e+001 3.61177185e+002 6.30717392e+001
  3.42010193e+002 65. 3.22769226e+002 66. 312. 7.45707474e+001 315.
  9.32224045e+001 315. 1.12562378e+002 3.17541992e+002 1.31251938e+002
  319. 1.50430893e+002 319. 1.69770859e+002 320. 1.89039764e+002 321.
  2.08317474e+002 3.21717285e+002 2.27586426e+002 3.25264648e+002
  2.46587875e+002 327. 2.65743896e+002 3.29216766e+002 2.84650330e+002
  332. 3.03391052e+002 3.33865540e+002 3.22462189e+002 334.
  3.41785614e+002 334. 3.61125580e+002 3.33227051e+002 3.80410614e+002
  3.28919891e+002 3.99200287e+002 323. 4.17319916e+002 323.
  4.36659882e+002 3.25999847e+002 453.</Path2D>
</opencv_storage>
