<?xml version="1.0"?>
<opencv_storage>
<Parameter>
  <Count>64</Count></Parameter>
<Path2D>
  93. 24. 95. 4.37194023e+001 9.25313873e+001 6.38744545e+001 92.
  8.43568649e+001 92. 1.04904694e+002 92. 1.25452522e+002 92.
  1.46000351e+002 92. 1.66548172e+002 92. 1.87095993e+002 93.
  2.07544800e+002 93. 2.28092621e+002 93. 2.48640442e+002 94.
  2.69089264e+002 94. 2.89637085e+002 93. 3.10113831e+002 93.
  3.30661652e+002 93. 3.51209473e+002 93. 3.71757294e+002 93.
  3.92305115e+002 93. 4.12852936e+002 92. 4.32400757e+002
  1.05948586e+002 439. 1.26496414e+002 439. 1.47039063e+002
  4.39103912e+002 1.67542191e+002 440. 1.87935776e+002 4.42266876e+002
  2.08343307e+002 4.44520721e+002 2.28705948e+002 4.46411774e+002
  2.49175842e+002 448. 2.69673798e+002 449. 2.90176270e+002 450.
  3.10724091e+002 450. 3.31271912e+002 450. 3.51819733e+002 450.
  3.72367554e+002 450. 3.92915375e+002 450. 4.13400940e+002 451.
  4.33770264e+002 4.52590088e+002 4.53916473e+002 455. 4.74065948e+002
  457. 4.94328400e+002 459. 5.14614929e+002 461. 532. 4.57649811e+002
  5.30598938e+002 4.37192749e+002 5.26077576e+002 4.17232788e+002 524.
  3.96867645e+002 5.21783203e+002 3.76524445e+002 5.17843140e+002
  3.56372528e+002 515. 3.36113861e+002 513. 3.15890594e+002
  5.08799042e+002 2.95997620e+002 5.03711304e+002 2.76133942e+002
  5.00027191e+002 2.56081543e+002 497. 2.35885773e+002 496.
  2.15436966e+002 4.95277222e+002 1.94940506e+002 493. 1.74573654e+002
  492. 1.54124847e+002 492. 1.33577026e+002 4.92623230e+002
  1.13130333e+002 493. 9.26436462e+001 493. 7.20958176e+001 493.
  5.15479889e+001 494. 3.20001602e+001</Path2D>
</opencv_storage>
