<?xml version="1.0"?>
<opencv_storage>
<Parameter>
  <Count>64</Count></Parameter>
<Path2D>
  95. 21. 9.98412933e+001 3.47619362e+001 1.03897499e+002
  4.94874916e+001 1.09654739e+002 6.36189690e+001 1.13308029e+002
  7.84642105e+001 1.16810165e+002 9.31677933e+001 1.22646248e+002
  1.07261879e+002 1.27645508e+002 1.21721359e+002 1.33848068e+002
  1.35696136e+002 1.41248550e+002 1.49059250e+002 1.49163300e+002
  1.62093933e+002 1.57110260e+002 1.75165390e+002 1.64867050e+002
  1.88312149e+002 1.71650803e+002 2.01976212e+002 1.79811493e+002
  2.14920105e+002 1.87929306e+002 2.27893967e+002 1.95244492e+002
  2.41325989e+002 2.03649155e+002 2.54061447e+002 2.13034286e+002
  2.66034271e+002 2.18387604e+002 2.79775208e+002 2.25825470e+002
  2.92825470e+002 2.35537247e+002 3.04148987e+002 2.45586441e+002
  3.15172882e+002 2.55239044e+002 3.26652039e+002 2.65943604e+002
  3.37354889e+002 2.77090118e+002 3.47672089e+002 2.87828979e+002
  3.58414490e+002 2.99849670e+002 3.67728271e+002 3.10380371e+002
  3.78725464e+002 3.20332977e+002 3.90332977e+002 3.30407318e+002
  4.01509155e+002 3.40177979e+002 4.13237305e+002 3.49242523e+002
  4.25485016e+002 3.57736786e+002 4.37605194e+002 3.64586365e+002
  4.27240936e+002 3.69043884e+002 4.12692719e+002 3.72249512e+002
  3.97751770e+002 3.78118530e+002 3.83644409e+002 3.83357666e+002
  3.69284637e+002 3.90204590e+002 3.55590851e+002 3.97811462e+002
  3.42314240e+002 4.07514282e+002 3.30481628e+002 4.14912140e+002
  3.17197693e+002 4.23257294e+002 3.04485382e+002 4.28416382e+002
  2.90167206e+002 4.34005341e+002 2.75984009e+002 4.38846832e+002
  2.61459534e+002 4.44844391e+002 2.47466782e+002 4.49979980e+002
  2.33050034e+002 4.54716248e+002 2.18493179e+002 4.59184753e+002
  2.03853317e+002 4.63551453e+002 1.89264740e+002 4.70701019e+002
  1.76247452e+002 4.77111572e+002 1.62406342e+002 4.82905609e+002
  1.48235962e+002 4.90159363e+002 1.34840637e+002 4.97171051e+002
  1.21486847e+002 5.01923676e+002 1.07228951e+002 5.06142792e+002
  9.28572006e+001 5.10936554e+002 7.90634460e+001 5.18499084e+002 67.
  522. 5.30771255e+001 5.26119141e+002 3.98808403e+001 531.
  2.70000648e+001</Path2D>
</opencv_storage>
