<?xml version="1.0"?>
<opencv_storage>
<Parameter>
  <Count>64</Count></Parameter>
<Path2D>
  89. 23. 1.15968910e+002 2.63937817e+001 1.43404892e+002
  2.96731720e+001 1.70710709e+002 3.37469788e+001 1.98325562e+002
  3.49386864e+001 2.25989929e+002 35. 2.53657089e+002 35.
  2.81324249e+002 35. 3.08931702e+002 3.34223595e+001 3.36033691e+002
  2.99138584e+001 3.63635468e+002 2.83967762e+001 3.91263367e+002
  2.75736637e+001 4.18780945e+002 2.51741486e+001 4.46373474e+002 24.
  4.73969574e+002 23. 5.01636719e+002 23. 5.29303894e+002 23.
  5.56814575e+002 2.54690971e+001 5.84375549e+002 27. 6.12042725e+002
  27. 6.00532104e+002 4.14678726e+001 5.79716125e+002 5.96718903e+001
  5.58988220e+002 7.78823624e+001 5.38112488e+002 9.58875351e+001
  5.19377075e+002 1.16226776e+002 5.01058441e+002 1.36941544e+002
  4.82915131e+002 1.57501328e+002 4.62561676e+002 1.76078751e+002
  4.41292358e+002 1.93760788e+002 4.20748840e+002 2.12251160e+002
  4.00624176e+002 2.31222961e+002 3.79380981e+002 2.48916626e+002
  3.57361389e+002 2.65607788e+002 3.35972748e+002 2.83135345e+002
  3.13334167e+002 2.98908630e+002 2.90075897e+002 3.13735596e+002
  2.65632843e+002 3.26683563e+002 2.41648407e+002 3.40417542e+002
  2.18574097e+002 3.55617279e+002 1.96124390e+002 3.71725372e+002
  1.73118744e+002 3.86720306e+002 1.49111710e+002 3.99472076e+002
  1.25996902e+002 4.12501556e+002 1.03492477e+002 4.27626892e+002
  8.13547745e+001 4.41430145e+002 6.39046097e+001 454. 9.12381134e+001
  4.50835968e+002 1.18813499e+002 450. 1.46480652e+002 450.
  1.74147812e+002 450. 2.01769608e+002 449. 2.29436768e+002 449.
  2.57103912e+002 449. 2.84771057e+002 449. 3.12438202e+002 449.
  3.39935272e+002 451. 3.67602417e+002 451. 3.95269562e+002 451.
  4.22701447e+002 4.53540283e+002 4.50252014e+002 455. 4.77919159e+002
  455. 5.05377441e+002 4.56562897e+002 5.32747131e+002 459. 560. 458.</Path2D>
</opencv_storage>
