<?xml version="1.0"?>
<opencv_storage>
<Parameter>
  <Count>64</Count></Parameter>
<Path2D>
  384. 172. 3.53612366e+002 1.59306183e+002 3.19335815e+002
  1.55555969e+002 2.84893372e+002 153. 2.50210754e+002 153.
  2.17786438e+002 1.61809036e+002 1.89274048e+002 1.79725952e+002 185.
  2.13246429e+002 1.88429398e+002 2.47288208e+002 2.03348526e+002
  2.78022797e+002 2.31448730e+002 2.97482910e+002 2.64042145e+002
  3.08347382e+002 2.97950256e+002 314. 3.32492035e+002 3.12753967e+002
  3.61460541e+002 2.96078918e+002 3.76148682e+002 2.67851318e+002
  3.86090912e+002 2.36818192e+002 3.91483002e+002 2.03550980e+002
  3.98526459e+002 2.23105881e+002 4.10379486e+002 2.54758972e+002
  4.29097992e+002 2.83097992e+002 4.57052582e+002 3.01368378e+002
  4.90347015e+002 2.96652985e+002 5.13635376e+002 2.71911560e+002
  5.27716248e+002 2.40702576e+002 535. 2.07322174e+002 535.
  1.72639557e+002 5.34991577e+002 1.37957764e+002 5.24839111e+002
  1.05356522e+002 5.08274109e+002 7.62741165e+001 4.77983612e+002
  6.04215546e+001 4.45173523e+002 4.97638664e+001 4.12712708e+002
  3.87854500e+001 3.78956390e+002 3.11593971e+001 3.45116119e+002 26.
  3.10570709e+002 2.69797935e+001 2.76306030e+002 3.14839897e+001
  2.42218536e+002 3.69271545e+001 2.08610138e+002 44. 1.83274185e+002
  6.46048431e+001 1.58157608e+002 8.77635880e+001 1.32989777e+002
  1.11006821e+002 111. 1.36363708e+002 1.02175232e+002 1.69532700e+002
  9.16583481e+001 2.02366592e+002 90. 2.36885406e+002 90.
  2.71568024e+002 9.41916580e+001 3.05588867e+002 1.07843765e+002
  3.36739594e+002 1.26614601e+002 3.65614594e+002 1.49341431e+002
  3.91256073e+002 1.78448853e+002 4.09965912e+002 2.09604996e+002
  4.24802490e+002 2.42430038e+002 4.34551453e+002 2.76510834e+002 439.
  3.10777161e+002 443. 3.45459778e+002 443. 3.80142395e+002 443.
  4.14605042e+002 440. 4.46922394e+002 4.30025879e+002 4.74520203e+002
  4.09739899e+002 4.93061554e+002 3.82969208e+002 511. 3.57268463e+002
  512. 3.23000061e+002</Path2D>
</opencv_storage>
