<?xml version="1.0"?>
<opencv_storage>
<Parameter>
  <Count>64</Count></Parameter>
<Path2D>
  67. 116. 1.15878891e+002 116. 1.64757782e+002 116. 2.13636673e+002
  116. 2.62515564e+002 116. 3.11394440e+002 116. 3.60273315e+002 116.
  4.09152191e+002 116. 4.58031067e+002 116. 5.06909943e+002 116.
  5.53200012e+002 1.17599976e+002 5.08446991e+002 1.35888245e+002
  4.61484558e+002 1.49049667e+002 4.16065613e+002 1.66879272e+002
  3.71024414e+002 1.85696838e+002 3.26699341e+002 2.05414566e+002
  2.81420013e+002 2.23467499e+002 2.34629654e+002 2.37092590e+002
  1.87470825e+002 2.48952911e+002 1.39528854e+002 2.57993591e+002
  9.23048935e+001 2.68939026e+002 9.07591248e+001 276. 1.39638016e+002
  276. 1.88516907e+002 276. 2.37395798e+002 276. 2.86274689e+002 276.
  3.35153564e+002 276. 3.84032440e+002 276. 4.32911316e+002 276.
  4.80687286e+002 281. 5.27802612e+002 2.88802612e+002 5.02878052e+002
  257. 4.68456970e+002 2.23565567e+002 4.29245911e+002 1.94684418e+002
  3.93450378e+002 1.61906494e+002 3.55562286e+002 1.31562286e+002
  3.20405457e+002 9.78040924e+001 2.78721588e+002 7.32911987e+001
  2.42592987e+002 4.25929909e+001 230. 5.14391479e+001 226.
  9.99610519e+001 225. 1.48790070e+002 225. 1.97668961e+002 225.
  2.46547852e+002 222. 2.95075562e+002 222. 3.43954437e+002 222.
  3.92833313e+002 2.25963303e+002 3.84036682e+002 2.43005478e+002
  3.38990143e+002 2.67733276e+002 2.96900085e+002 2.85547638e+002
  2.51630936e+002 3.03722961e+002 2.06643280e+002 3.32394714e+002
  1.67407928e+002 3.52432587e+002 1.23179741e+002 372. 7.85933075e+001
  388. 3.69006920e+001 388. 8.57795792e+001 388. 1.34658463e+002
  3.81576904e+002 1.82826965e+002 3.76374237e+002 2.31294464e+002
  3.67405121e+002 2.79189758e+002 363. 3.27193726e+002 363.
  3.76072601e+002 360. 4.23999969e+002</Path2D>
</opencv_storage>
