<?xml version="1.0"?>
<opencv_storage>
<Parameter>
  <Count>64</Count></Parameter>
<Path2D>
  450. 139. 4.25345306e+002 1.29115112e+002 3.98385101e+002
  1.21692551e+002 3.71676025e+002 1.13946007e+002 3.44053894e+002
  1.09675644e+002 3.16626068e+002 1.04660866e+002 2.88881500e+002
  1.00195892e+002 2.60835480e+002 99. 2.32712570e+002 99.
  2.04589661e+002 99. 177. 1.00119026e+002 1.81770004e+002
  1.26770004e+002 2.01351563e+002 1.46175781e+002 2.23890579e+002
  1.62651764e+002 2.47982315e+002 1.76991150e+002 2.73132568e+002
  1.89421722e+002 2.98699493e+002 2.00849747e+002 3.24509033e+002
  2.11862305e+002 3.50545471e+002 2.21848480e+002 3.75164368e+002
  2.35065750e+002 4.00522675e+002 2.46840881e+002 4.24085876e+002
  2.62085876e+002 4.42044220e+002 2.83407013e+002 4.53187927e+002
  3.08563782e+002 456. 3.36269531e+002 4.43243073e+002 3.59317688e+002
  4.18566223e+002 3.71973511e+002 3.91430634e+002 3.77456940e+002
  3.63593781e+002 3.80711792e+002 3.35557922e+002 382. 3.07435028e+002
  382. 2.79312134e+002 382. 2.52329407e+002 3.75332367e+002
  2.24818573e+002 372. 1.98939301e+002 3.63626190e+002 184.
  3.46112549e+002 1.87665863e+002 3.18668274e+002 1.94561600e+002
  2.92192017e+002 2.05357162e+002 2.66285675e+002 2.18191650e+002
  2.41411118e+002 2.31081680e+002 2.16782196e+002 2.42038986e+002
  1.90922028e+002 2.53421677e+002 1.65301208e+002 2.67455322e+002
  1.41089325e+002 2.79660858e+002 1.15791336e+002 2.88462097e+002
  8.92298431e+001 3.00884735e+002 6.41921158e+001 3.12744354e+002
  3.92556419e+001 320. 3.58750191e+001 3.21103333e+002 6.39299393e+001
  322. 9.20031815e+001 3.22017822e+002 1.20124817e+002 325.
  1.48023514e+002 325. 1.76146423e+002 325. 2.04269333e+002 323.
  2.31993896e+002 323. 2.60116791e+002 323. 2.88239685e+002 321.
  3.15890442e+002 319. 3.43688782e+002 317. 3.71339539e+002 317.
  3.99462433e+002 317. 4.27585327e+002 314. 451.</Path2D>
</opencv_storage>
