<?xml version="1.0"?>
<opencv_storage>
<Parameter>
  <Count>64</Count></Parameter>
<Path2D>
  22. 462. 2.90173893e+001 4.48982605e+002 3.91096840e+001
  4.36483856e+002 4.83693504e+001 4.23156769e+002 5.90972862e+001
  4.10902710e+002 6.86450119e+001 3.97767975e+002 7.71084824e+001
  3.83837280e+002 8.67042618e+001 3.70665955e+002 9.59647675e+001
  3.57256378e+002 1.04359909e+002 3.43280182e+002 1.12994171e+002
  3.29507294e+002 1.22395676e+002 3.16208649e+002 1.30094055e+002
  3.01858917e+002 1.38250595e+002 2.87748932e+002 1.46762802e+002
  2.73855804e+002 1.57819229e+002 2.61920898e+002 1.68606750e+002
  2.49692413e+002 1.78912323e+002 2.37087677e+002 1.90081528e+002
  2.25269547e+002 1.97697342e+002 2.10907959e+002 2.03732681e+002
  1.95801971e+002 2.10671295e+002 1.81160873e+002 2.21240112e+002
  1.68759888e+002 2.30324844e+002 1.55343948e+002 2.39377304e+002
  1.41830276e+002 2.48693100e+002 1.28613800e+002 2.58928711e+002
  1.16071304e+002 2.68285675e+002 1.03142891e+002 2.79417816e+002
  9.17910995e+001 2.92284454e+002 8.27155609e+001 3.01531464e+002
  7.04685287e+001 3.10945251e+002 59. 315. 6.74786301e+001
  3.19847229e+002 8.26944580e+001 3.24729919e+002 9.79124146e+001
  3.34128265e+002 1.11128273e+002 3.44934021e+002 1.23320839e+002
  3.56919861e+002 1.34228455e+002 3.68826233e+002 1.45101639e+002
  3.80891602e+002 1.55891602e+002 3.91903839e+002 1.67871811e+002
  4.02503174e+002 1.80004257e+002 4.13248108e+002 1.92212677e+002
  4.25242493e+002 2.03242493e+002 4.37245422e+002 2.14245422e+002
  4.49704987e+002 2.24704971e+002 4.61981384e+002 2.35412598e+002
  4.72068542e+002 2.48068542e+002 4.80668182e+002 2.61668182e+002
  4.91068542e+002 2.74082245e+002 5.01534149e+002 2.86534149e+002
  5.11791840e+002 2.99187744e+002 5.20324463e+002 3.12648987e+002
  5.29402222e+002 3.26002777e+002 5.38638977e+002 3.39277893e+002
  5.47919189e+002 3.51878815e+002 5.56819153e+002 3.64638306e+002
  5.65877991e+002 3.77877960e+002 5.74758301e+002 3.90758301e+002
  5.83483093e+002 4.04224640e+002 5.93181702e+002 4.17181732e+002
  6.01307434e+002 4.29307434e+002 6.08721375e+002 4.42721375e+002 619.
  454.</Path2D>
</opencv_storage>
