<?xml version="1.0"?>
<opencv_storage>
<Parameter>
  <Count>64</Count></Parameter>
<Path2D>
  106. 73. 1.21853455e+002 8.58534546e+001 1.39420425e+002
  1.01280289e+002 1.58674820e+002 1.16139862e+002 1.78754669e+002
  1.29852798e+002 1.98993942e+002 1.43137665e+002 2.20113174e+002
  1.55094315e+002 2.39197235e+002 1.70140884e+002 2.58145355e+002
  1.85377197e+002 2.76514984e+002 2.01262497e+002 2.95294098e+002
  2.16720581e+002 3.13810577e+002 2.32409073e+002 3.32216644e+002
  2.48252747e+002 3.50223419e+002 2.64223419e+002 3.67914886e+002
  2.80914886e+002 3.87100037e+002 2.95750031e+002 4.05293427e+002
  3.11862305e+002 4.23727081e+002 3.27514923e+002 4.42339691e+002
  3.43003815e+002 4.61098755e+002 3.58399170e+002 4.80997986e+002
  3.71997986e+002 4.98908447e+002 3.87302826e+002 5.17245300e+002
  4.02490631e+002 5.36069763e+002 4.13930237e+002 535. 3.90201721e+002
  5.36375549e+002 3.66061188e+002 5.45696411e+002 3.43607208e+002 554.
  3.20810150e+002 554. 2.96474182e+002 5.51432983e+002 2.72582520e+002
  5.47373962e+002 2.48869904e+002 541. 2.25973221e+002 5.38006409e+002
  2.02038330e+002 536. 1.78027466e+002 536. 1.53691513e+002 536.
  1.29355560e+002 536. 1.05019600e+002 537. 8.08459167e+001 538.
  5.67460251e+001 5.29015625e+002 44. 5.07261871e+002 5.34920769e+001
  4.86780945e+002 6.61460342e+001 4.66036316e+002 7.88523026e+001
  4.46585663e+002 9.32959518e+001 4.26735748e+002 1.07374008e+002
  4.06287933e+002 1.20426956e+002 3.86768860e+002 1.33952255e+002
  3.67432495e+002 1.48675629e+002 3.49653076e+002 1.65260193e+002
  3.31556305e+002 1.81443695e+002 3.13794830e+002 1.97906021e+002
  2.95702087e+002 2.13865280e+002 2.78182892e+002 2.30619949e+002
  2.61604828e+002 2.48395172e+002 2.45655014e+002 2.66735809e+002
  2.29606613e+002 2.84991730e+002 2.13129639e+002 3.02870361e+002
  1.97572311e+002 3.21427673e+002 1.82649582e+002 3.40350433e+002
  1.64524460e+002 3.55951080e+002 1.46287308e+002 3.71712708e+002
  1.27530365e+002 3.86234802e+002 1.11415993e+002 4.02584015e+002
  9.20000763e+001 414.</Path2D>
</opencv_storage>
