<?xml version="1.0"?>
<opencv_storage>
<Parameter>
  <Count>64</Count></Parameter>
<Path2D>
  399. 42. 3.84732208e+002 41. 3.70655762e+002 39. 3.55973755e+002 39.
  3.41291748e+002 39. 3.26609741e+002 39. 3.11927734e+002 39.
  2.97245728e+002 39. 2.82666321e+002 3.98334198e+001 2.68812164e+002
  4.41979713e+001 2.54924576e+002 4.86918106e+001 2.40620880e+002
  5.16895561e+001 2.26809967e+002 5.63966789e+001 2.12652008e+002
  6.01159973e+001 1.98830444e+002 6.48339157e+001 1.85194092e+002
  7.01772156e+001 1.72018417e+002 7.65635376e+001 1.58768036e+002
  8.28213120e+001 1.46924011e+002 9.00379944e+001 1.34680893e+002
  9.80552826e+001 1.23314949e+002 1.07348038e+002 1.12939949e+002
  1.17672058e+002 1.04230499e+002 1.29211868e+002 9.50587234e+001
  1.40676590e+002 8.60356903e+001 1.51928619e+002 8.00662155e+001
  1.65334457e+002 7.71898880e+001 1.79670792e+002 7.51175079e+001
  1.94059143e+002 7.01183472e+001 2.07763306e+002 6.69929428e+001
  2.22014114e+002 63. 2.35918518e+002 63. 2.50600525e+002 63.
  2.65282532e+002 63. 2.79964539e+002 63. 2.94646545e+002
  6.45498657e+001 3.09099731e+002 7.02452850e+001 3.22490570e+002
  7.92275772e+001 3.33227570e+002 8.79300308e+001 3.44465027e+002
  9.79905167e+001 3.54497620e+002 1.09976974e+002 3.61651306e+002
  1.22374702e+002 3.69303436e+002 1.35335037e+002 3.76167511e+002
  1.48036301e+002 3.83518158e+002 1.61487427e+002 3.89351746e+002
  1.74894608e+002 3.95298218e+002 1.88459229e+002 4.00819733e+002
  2.01750336e+002 4.06893005e+002 2.16090729e+002 4.09772675e+002
  2.29977661e+002 4.13795532e+002 2.44294189e+002 417. 2.58729919e+002
  4.18682465e+002 2.72671356e+002 4.21780884e+002 2.87204254e+002 423.
  3.01412415e+002 4.25706207e+002 3.14675201e+002 431. 3.28391113e+002
  4.35097778e+002 3.42863037e+002 437. 3.57318542e+002 4.39053101e+002
  3.71922180e+002 440. 3.86604187e+002 440. 4.01286194e+002 440.
  4.15317932e+002 442. 4.29999939e+002 442.</Path2D>
</opencv_storage>
