<?xml version="1.0"?>
<opencv_storage>
<Parameter>
  <Count>64</Count></Parameter>
<Path2D>
  53. 192. 52. 2.04126358e+002 52. 2.16666931e+002 52. 2.29207504e+002
  5.50178299e+001 2.41035660e+002 58. 2.52831131e+002 58.
  2.65371704e+002 58. 2.77912262e+002 5.73502731e+001 2.90299438e+002
  5.58144226e+001 3.01814423e+002 6.82781219e+001 302. 8.08186874e+001
  302. 9.33592529e+001 302. 1.05899818e+002 302. 1.18440384e+002 302.
  1.30980957e+002 302. 1.43521530e+002 302. 1.56062103e+002 302.
  1.68602676e+002 302. 1.81143250e+002 302. 1.93683823e+002 302.
  2.06224396e+002 302. 2.18764969e+002 302. 2.31305542e+002 302.
  2.43846115e+002 302. 2.56386688e+002 302. 2.68927246e+002 302.
  2.81467804e+002 302. 2.94008362e+002 302. 3.06548920e+002 302.
  3.19089478e+002 302. 3.31630035e+002 302. 3.44170593e+002 302.
  3.56711151e+002 302. 3.69251709e+002 302. 3.81792267e+002 302.
  3.94332825e+002 302. 4.06873383e+002 302. 4.19413940e+002 302.
  4.31954498e+002 302. 4.44495056e+002 302. 4.57035614e+002 302.
  4.69553284e+002 3.02504852e+002 4.81822235e+002 3.04860596e+002
  4.94176483e+002 3.06743317e+002 5.06650024e+002 308. 5.18932922e+002
  3.09977631e+002 5.31307556e+002 311. 5.43848145e+002 311.
  5.56388733e+002 311. 5.68929321e+002 311. 5.81233826e+002 312. 590.
  3.08225616e+002 590. 2.95685059e+002 5.89047729e+002 2.83238770e+002
  5.87765015e+002 2.70825195e+002 587. 2.58360382e+002 587.
  2.45819809e+002 5.89608948e+002 2.33782166e+002 592. 2.22162338e+002
  592. 2.09621765e+002 592. 1.97081192e+002 592. 1.84540619e+002 592.
  1.72000046e+002</Path2D>
</opencv_storage>
