<?xml version="1.0"?>
<opencv_storage>
<Parameter>
  <Count>64</Count></Parameter>
<Path2D>
  54. 135. 8.05477448e+001 135. 1.07095490e+002 135. 1.33479630e+002
  1.33778290e+002 1.59680786e+002 1.30474167e+002 1.85948624e+002 128.
  2.12496368e+002 128. 2.39044113e+002 128. 2.65339600e+002
  1.25237198e+002 2.91870483e+002 125. 3.18418213e+002 125.
  3.44965942e+002 125. 3.71513672e+002 125. 3.98061401e+002 125.
  4.24609131e+002 125. 4.51156860e+002 125. 4.77471313e+002
  1.27495903e+002 5.03983246e+002 128. 5.30503723e+002 1.28437958e+002
  5.56836182e+002 1.30959045e+002 5.83255798e+002 132. 6.05289001e+002
  1.33570328e+002 5.81032043e+002 1.43414856e+002 5.56579468e+002
  1.53742462e+002 5.32775574e+002 1.65458023e+002 5.09287079e+002
  1.77227753e+002 4.86435699e+002 1.90727692e+002 4.63091553e+002
  2.03272293e+002 4.39687653e+002 2.15587418e+002 4.16723816e+002
  2.28827698e+002 3.91803894e+002 2.37598053e+002 3.66148956e+002
  2.43959381e+002 3.41020630e+002 2.51989685e+002 3.16522705e+002
  2.62061707e+002 2.92294128e+002 2.72832581e+002 2.67941803e+002
  2.83092224e+002 2.43243851e+002 2.92798248e+002 2.18218536e+002
  3.01434448e+002 1.92806366e+002 3.09064545e+002 1.67916656e+002
  3.18041656e+002 1.43932938e+002 3.29033539e+002 1.19211174e+002
  3.36841614e+002 9.46033859e+001 3.42798859e+002 6.87087555e+001 347.
  8.38389893e+001 347. 1.10386734e+002 347. 1.36934479e+002 347.
  1.63482224e+002 347. 1.90029968e+002 347. 2.16577713e+002 347.
  2.43125458e+002 347. 2.69673187e+002 347. 2.96220917e+002 347.
  3.22768646e+002 347. 3.49316376e+002 347. 3.75864105e+002 347.
  4.02165649e+002 349. 4.28713379e+002 349. 4.55261108e+002 349.
  4.81808838e+002 349. 5.08356567e+002 349. 5.34904297e+002 349.
  5.61452026e+002 349. 5.87999756e+002 349.</Path2D>
</opencv_storage>
