<?xml version="1.0"?>
<opencv_storage>
<Parameter>
  <Count>64</Count></Parameter>
<Path2D>
  465. 31. 4.45669617e+002 27. 4.24096588e+002 27. 4.02523560e+002 27.
  3.81075745e+002 2.86540451e+001 3.59863617e+002 3.17337704e+001
  3.38309509e+002 32. 3.16890320e+002 34. 2.95686432e+002
  3.74733658e+001 2.74150818e+002 38. 2.53072784e+002 4.13708839e+001
  2.32315475e+002 4.69474182e+001 2.11921051e+002 5.35131569e+001
  1.93322250e+002 6.37422066e+001 1.74654465e+002 7.44831619e+001
  1.55990952e+002 8.51480255e+001 1.38657700e+002 9.76845932e+001
  1.30177795e+002 1.17037010e+002 1.30628647e+002 1.37838196e+002
  1.41436096e+002 1.56248123e+002 1.56845779e+002 1.70922882e+002
  1.72932205e+002 1.84932205e+002 1.91942001e+002 1.94980667e+002
  2.12152069e+002 2.02050690e+002 2.33285660e+002 205. 2.54285675e+002
  2.08410706e+002 2.75702545e+002 2.10970261e+002 2.96913635e+002
  2.14489212e+002 3.18369019e+002 2.16105438e+002 3.39494934e+002 220.
  3.60226349e+002 223. 3.81799377e+002 223. 3.62627594e+002 223.
  3.41054565e+002 223. 3.19481537e+002 223. 2.97908508e+002 223.
  2.76335480e+002 223. 2.55147614e+002 225. 2.34592758e+002
  2.30703613e+002 2.14324097e+002 2.36783936e+002 1.94976181e+002
  2.45011917e+002 1.77114517e+002 2.56885498e+002 1.59184235e+002
  2.67631531e+002 1.47375275e+002 2.84498901e+002 1.41988693e+002
  3.05033936e+002 140. 3.26323425e+002 140. 3.47896454e+002 144.
  3.68281891e+002 1.57744385e+002 3.83992523e+002 1.74416534e+002
  3.97166626e+002 1.93870514e+002 4.06348206e+002 2.14186249e+002
  4.13437256e+002 2.34470718e+002 4.20353027e+002 2.54167831e+002 428.
  2.75481415e+002 4.29320953e+002 2.96383789e+002 432. 3.17549500e+002
  435. 3.39122528e+002 435. 3.60695557e+002 435. 3.82268585e+002 435.
  4.03841614e+002 435. 4.25414642e+002 435. 4.46825378e+002 436. 468.
  438.</Path2D>
</opencv_storage>
