<?xml version="1.0"?>
<opencv_storage>
<Parameter>
  <Count>64</Count></Parameter>
<Path2D>
  249. 17. 2.60775879e+002 17. 2.72551758e+002 17. 2.84327637e+002 17.
  2.96103516e+002 17. 3.07879395e+002 17. 3.19655273e+002 17.
  3.31431152e+002 17. 3.43207031e+002 17. 3.54982910e+002 17.
  3.66758789e+002 17. 3.78534668e+002 17. 3.90310547e+002 17.
  4.02086426e+002 17. 4.13862305e+002 17. 420. 2.26381969e+001
  4.18453857e+002 3.41845779e+001 418. 4.59045982e+001 418.
  5.76804924e+001 418. 6.94563828e+001 418. 8.12322769e+001 418.
  9.30081711e+001 417. 1.04701302e+002 4.15659729e+002 1.16381943e+002
  414. 1.28011932e+002 414. 1.39787827e+002 413. 1.51480957e+002 412.
  1.63133743e+002 412. 1.74909637e+002 412. 1.86685532e+002
  4.09004456e+002 1.97977676e+002 4.07856689e+002 2.09573212e+002 407.
  2.21243637e+002 4.06267670e+002 2.32929367e+002 404. 2.44095810e+002
  404. 2.55871704e+002 404. 2.67647583e+002 4.02588776e+002
  2.79233643e+002 4.01050720e+002 2.90797119e+002 400. 3.02443665e+002
  399. 3.14057281e+002 399. 3.25833160e+002 399. 3.37609039e+002 399.
  3.49384918e+002 399. 3.61160797e+002 399. 3.72936676e+002 399.
  3.84712555e+002 4.00816223e+002 3.96264862e+002 401. 4.08018127e+002
  401. 4.19794006e+002 401. 4.31569885e+002 401. 4.43345764e+002
  3.90869049e+002 447. 3.79093170e+002 447. 3.67416290e+002 448.
  3.55872498e+002 4.49563751e+002 3.44597931e+002 452. 3.32822052e+002
  452. 3.21154938e+002 4.53211273e+002 3.09656647e+002 4.54937347e+002
  2.98085388e+002 456. 2.86309509e+002 456. 2.75776245e+002 459.
  2.64000366e+002 459.</Path2D>
</opencv_storage>
