<?xml version="1.0"?>
<opencv_storage>
<Parameter>
  <Count>64</Count></Parameter>
<Path2D>
  423. 30. 4.07794464e+002 3.69233284e+001 3.93638855e+002
  4.60208549e+001 3.79259521e+002 5.49945526e+001 3.65291443e+002
  6.45668488e+001 3.52417664e+002 7.55823517e+001 3.40136047e+002
  8.72775421e+001 3.26779938e+002 9.77054901e+001 3.14253937e+002
  1.09047638e+002 3.00427521e+002 1.18776421e+002 2.86709503e+002
  1.28677582e+002 2.72659393e+002 1.38100433e+002 2.59008118e+002
  1.48119934e+002 2.45147659e+002 1.57889252e+002 2.31413834e+002
  1.67847260e+002 2.17925278e+002 1.78044830e+002 2.02796585e+002
  1.85658600e+002 1.88412231e+002 1.94326538e+002 1.73885742e+002
  2.03063477e+002 1.59233490e+002 2.11604065e+002 1.44051727e+002
  2.18589661e+002 1.28190475e+002 2.24462585e+002 1.12465485e+002
  2.30305435e+002 9.74864578e+001 2.38256775e+002 8.17977295e+001
  2.44601135e+002 9.09212723e+001 2.52768509e+002 1.06475960e+002
  2.59491974e+002 1.20662491e+002 2.68331238e+002 1.35430313e+002
  2.76658173e+002 1.50579773e+002 2.84289886e+002 1.65351013e+002
  2.92610596e+002 1.80091354e+002 3.00922394e+002 1.93963928e+002
  3.10646637e+002 2.08166183e+002 3.19874634e+002 2.22533569e+002
  3.28766785e+002 2.36821365e+002 3.37880920e+002 2.51074493e+002
  3.47042572e+002 2.65190887e+002 3.56393158e+002 2.79153717e+002
  3.65734985e+002 2.93203674e+002 3.75135773e+002 3.07473907e+002
  3.84236938e+002 3.21696106e+002 3.93464081e+002 3.36293884e+002
  4.02035095e+002 3.50725403e+002 4.10835236e+002 3.65079529e+002
  4.19719696e+002 3.79444397e+002 4.28722198e+002 3.93451691e+002
  4.37338776e+002 4.07462646e+002 445. 4.19740692e+002 4.49629639e+002
  4.03025330e+002 451. 3.86060272e+002 451. 3.69260162e+002
  4.52947968e+002 3.52670746e+002 4.55554871e+002 3.35804779e+002 457.
  3.18839722e+002 457. 3.01874664e+002 457. 2.84909607e+002 457.
  2.67944550e+002 457. 2.51041748e+002 458. 2.34076691e+002 458.
  2.17138153e+002 4.58215454e+002 2.00392776e+002 460. 1.83427719e+002
  460. 167. 462.</Path2D>
</opencv_storage>
