<?xml version="1.0"?>
<opencv_storage>
<Parameter>
  <Count>64</Count></Parameter>
<Path2D>
  241. 162. 2.45792358e+002 1.53276855e+002 2.51221512e+002
  1.44556976e+002 2.56868500e+002 1.35828766e+002 2.63303375e+002
  1.27797745e+002 2.70464996e+002 1.20302490e+002 2.76696106e+002
  1.11879852e+002 2.81624298e+002 1.02751381e+002 2.85839600e+002
  9.32673416e+001 2.90726715e+002 8.42732849e+001 2.97557739e+002
  7.64422760e+001 3.05732513e+002 7.14331284e+001 3.13723724e+002
  7.76316376e+001 3.21904236e+002 8.39521103e+001 3.29580170e+002
  9.10641327e+001 3.37220886e+002 9.82209015e+001 3.45755432e+002
  1.04222145e+002 3.53844482e+002 1.10866699e+002 3.62557281e+002
  1.16667953e+002 3.71010864e+002 1.22864899e+002 3.79838684e+002
  1.28503204e+002 3.89035156e+002 1.33517578e+002 3.98146149e+002
  1.38687683e+002 4.06982361e+002 1.44321564e+002 4.16099304e+002
  1.49324493e+002 4.24808167e+002 1.54808167e+002 4.23203156e+002 158.
  4.12720795e+002 158. 4.02238434e+002 158. 3.91756073e+002 158.
  3.81273712e+002 158. 3.70791351e+002 158. 3.60308990e+002 158.
  3.49826630e+002 158. 3.39344269e+002 158. 333. 1.63487808e+002
  3.28996826e+002 1.73004440e+002 3.23084320e+002 1.81648224e+002
  3.18073273e+002 1.90853470e+002 3.12622589e+002 1.99717056e+002
  3.06141052e+002 2.07921219e+002 3.00519562e+002 2.16768707e+002
  2.94762085e+002 2.25512985e+002 2.88124268e+002 2.33625900e+002
  2.81775848e+002 2.41965561e+002 2.76440826e+002 2.50978546e+002
  2.70491791e+002 2.59508209e+002 2.63079651e+002 2.66920349e+002
  2.56128754e+002 2.74756927e+002 2.49378876e+002 2.82776398e+002
  2.42830597e+002 2.90961761e+002 2.35815247e+002 2.98747009e+002
  2.28626724e+002 3.06373291e+002 2.21214569e+002 3.13785431e+002
  2.13791153e+002 3.21185638e+002 2.05956543e+002 3.28149750e+002
  1.98721100e+002 3.35705200e+002 1.92326645e+002 3.44008026e+002
  1.85262253e+002 3.51737762e+002 1.78630157e+002 3.59826447e+002
  1.72486435e+002 3.68319000e+002 1.66212708e+002 3.76716370e+002
  1.59961639e+002 3.85038361e+002 1.53000015e+002 392.</Path2D>
</opencv_storage>
