<?xml version="1.0"?>
<opencv_storage>
<Parameter>
  <Count>64</Count></Parameter>
<Path2D>
  166. 303. 1.77597885e+002 2.96103149e+002 1.87867752e+002
  2.86132263e+002 1.98103973e+002 2.75896027e+002 2.07191788e+002
  2.64760254e+002 2.14747696e+002 2.52504608e+002 2.24235153e+002
  2.41798447e+002 2.34339828e+002 2.31546906e+002 2.43526901e+002
  2.20367722e+002 2.52352890e+002 2.08905945e+002 2.62929779e+002
  1.99070221e+002 2.73643311e+002 1.89356674e+002 2.83366974e+002
  1.78686234e+002 2.91955231e+002 1.67089569e+002 2.99259277e+002
  1.54611069e+002 3.07950256e+002 1.43059692e+002 3.15414154e+002
  1.30850159e+002 3.24345917e+002 1.19481125e+002 3.31483948e+002
  1.06903084e+002 3.38432068e+002 9.42798691e+001 3.46282715e+002
  8.21466217e+001 3.55711243e+002 7.12887573e+001 3.64365295e+002
  6.49132385e+001 3.72000732e+002 7.70007324e+001 3.81927155e+002
  8.74834213e+001 3.90802368e+002 9.88023605e+001 3.99890472e+002
  1.10038879e+002 4.08172363e+002 1.21816017e+002 4.16354370e+002
  1.33692978e+002 4.25803864e+002 1.44654327e+002 4.34852264e+002
  1.55946976e+002 4.44434662e+002 1.66793350e+002 4.53477905e+002
  1.78097366e+002 4.62711670e+002 1.89241928e+002 4.71025757e+002
  2.01041229e+002 4.79313080e+002 2.12865250e+002 4.87613678e+002
  2.24689438e+002 4.95986115e+002 2.36482651e+002 5.02714417e+002
  2.49143265e+002 5.08187103e+002 2.62249481e+002 5.16595337e+002
  2.73893036e+002 5.13007568e+002 279. 4.98628967e+002 2.80106018e+002
  4.84455658e+002 2.82754425e+002 4.70225067e+002 2.85277496e+002
  4.55901276e+002 2.87290680e+002 4.41525330e+002 2.88872894e+002
  4.27204956e+002 2.90968475e+002 4.12911499e+002 293. 3.98481171e+002
  2.93645538e+002 3.84101227e+002 295. 3.69625031e+002 295.
  3.55148834e+002 295. 3.40672638e+002 295. 3.26315948e+002
  2.96505219e+002 3.12250641e+002 2.99718658e+002 2.97871674e+002
  3.01391052e+002 2.83652924e+002 304. 2.69245300e+002 3.04964966e+002
  2.54895813e+002 3.06872040e+002 2.40428696e+002 307. 2.25952484e+002
  307. 2.11476273e+002 307. 199. 3.08999939e+002</Path2D>
</opencv_storage>
