<?xml version="1.0"?>
<opencv_storage>
<Parameter>
  <Count>64</Count></Parameter>
<Path2D>
  171. 35. 170. 5.37756996e+001 167. 7.22574081e+001 164.
  9.09258728e+001 161. 1.09594337e+002 160. 1.28621979e+002 157.
  1.47364227e+002 157. 1.66554138e+002 157. 1.85744049e+002 155.
  2.04461823e+002 1.54161453e+002 2.23515656e+002 153. 2.42443298e+002
  153. 2.61633209e+002 153. 2.80823120e+002 152. 2.99930267e+002 152.
  3.19120178e+002 153. 3.38211060e+002 153. 3.57400970e+002
  1.56815292e+002 3.75630585e+002 158. 3.94614624e+002 158.
  4.13804535e+002 1.50303436e+002 3.99213715e+002 1.46798477e+002
  3.80395447e+002 142. 3.61905884e+002 1.39780640e+002 3.42903229e+002
  139. 3.23790619e+002 1.39904999e+002 3.04665009e+002 1.43810226e+002
  2.85948883e+002 1.47852448e+002 2.67295105e+002 1.55824905e+002
  2.50175095e+002 1.68191849e+002 2.35846512e+002 1.82655090e+002
  2.23275940e+002 1.98912781e+002 2.13543610e+002 2.16917480e+002
  2.07023575e+002 2.35043991e+002 2.00733505e+002 2.53246170e+002
  1.94701538e+002 2.71797424e+002 1.90033768e+002 2.90901794e+002 189.
  3.09830414e+002 1.90610138e+002 3.26537201e+002 1.99268600e+002
  3.40831726e+002 2.11831741e+002 3.52267029e+002 2.26900528e+002
  3.62911682e+002 2.42867508e+002 3.72823212e+002 2.59234833e+002
  3.81679749e+002 2.76145996e+002 3.89737976e+002 2.93475983e+002
  3.94966827e+002 3.11900452e+002 397. 3.30839935e+002 397.
  3.50029846e+002 3.93342377e+002 3.68630524e+002 3.83954865e+002
  3.84363434e+002 3.70791656e+002 3.98208344e+002 3.54734131e+002
  4.08088623e+002 3.38686523e+002 4.17156738e+002 3.22528290e+002
  4.25823914e+002 3.03922607e+002 4.29359131e+002 2.85238220e+002
  4.33253937e+002 2.66634949e+002 4.37341248e+002 2.47787430e+002 440.
  2.28597519e+002 440. 2.09569885e+002 439. 1.90379974e+002 439.
  1.71190063e+002 439. 1.52000153e+002 439.</Path2D>
</opencv_storage>
