<?xml version="1.0"?>
<opencv_storage>
<Parameter>
  <Count>64</Count></Parameter>
<Path2D>
  508. 94. 4.96824982e+002 8.15299911e+001 4.79678314e+002
  7.38391495e+001 4.61660767e+002 6.88643036e+001 4.43330658e+002
  6.55551071e+001 4.25067993e+002 6.13559990e+001 4.07118378e+002
  5.66473503e+001 3.88919098e+002 5.21531830e+001 3.70420349e+002
  4.94840660e+001 3.52041687e+002 4.60138969e+001 3.33506714e+002
  4.35013428e+001 3.15072174e+002 41. 2.96520660e+002 3.91735535e+001
  2.77740082e+002 39. 2.58931335e+002 39. 2.40181671e+002
  3.98311920e+001 2.21979980e+002 4.36080055e+001 2.03753067e+002 48.
  1.85579788e+002 5.22101097e+001 1.68834579e+002 59. 1.53224228e+002
  6.87757721e+001 1.38636230e+002 8.03637695e+001 1.25885956e+002
  9.41140442e+001 1.12930344e+002 1.06379768e+002 1.01115501e+002
  1.20512657e+002 8.98714981e+001 1.35385498e+002 7.85348663e+001
  1.49775223e+002 6.90789490e+001 1.65684204e+002 5.90502472e+001
  1.80874374e+002 5.31523705e+001 1.98619080e+002 51. 2.17244064e+002
  51. 2.36052795e+002 51. 2.54861526e+002 51. 2.73670258e+002 51.
  2.92479004e+002 5.10697861e+001 3.11279144e+002 5.45022354e+001
  3.29506714e+002 6.22603683e+001 3.46520721e+002 6.94022827e+001
  3.63402283e+002 8.26827850e+001 3.76341400e+002 9.78885345e+001
  3.85962830e+002 1.14439720e+002 3.94719849e+002 1.30822495e+002
  4.03911255e+002 1.47169968e+002 4.13067993e+002 1.64683426e+002
  4.19894470e+002 1.81152191e+002 428. 1.99317535e+002 432.
  2.17863068e+002 4.34465759e+002 2.36235504e+002 4.38033630e+002
  2.54876541e+002 440. 2.73586273e+002 441. 2.92158936e+002 442.
  3.10967682e+002 442. 3.28726074e+002 4.37068481e+002 3.47112183e+002
  436. 3.63692871e+002 4.30871429e+002 3.81291870e+002 4.25902710e+002
  3.99487610e+002 4.22128113e+002 4.17050934e+002 416. 4.33653534e+002
  4.09673218e+002 4.50782593e+002 403. 4.67313843e+002 3.97343079e+002
  4.82734467e+002 390. 498. 382.</Path2D>
</opencv_storage>
