<?xml version="1.0"?>
<opencv_storage>
<Parameter>
  <Count>64</Count></Parameter>
<Path2D>
  413. 236. 3.89496033e+002 2.33165344e+002 3.65813141e+002
  2.28381317e+002 3.42356873e+002 2.22339218e+002 3.18833527e+002
  2.17305588e+002 2.94849243e+002 215. 2.70559570e+002 215.
  2.46409988e+002 2.15863342e+002 2.24880600e+002 2.24746262e+002
  2.05535294e+002 2.38929398e+002 1.87426254e+002 2.54573746e+002
  1.69033905e+002 2.70372894e+002 1.49663330e+002 2.84502502e+002
  1.32342514e+002 3.01314972e+002 1.21367409e+002 3.22530365e+002
  1.22688148e+002 3.46376312e+002 1.36997253e+002 3.63997253e+002
  1.52847763e+002 3.81771637e+002 1.72743576e+002 3.95495728e+002
  1.92796509e+002 4.08918610e+002 2.12702942e+002 4.21801971e+002
  2.34557617e+002 4.32278809e+002 2.57436798e+002 4.40239471e+002
  2.81379150e+002 444. 3.05668823e+002 444. 3.27020386e+002
  4.34986420e+002 3.46040131e+002 4.20479950e+002 3.65169220e+002
  4.06107697e+002 3.78861053e+002 3.86277924e+002 3.91205048e+002
  3.66397491e+002 3.99191986e+002 3.44231995e+002 4.05080627e+002
  3.20758118e+002 4.10248077e+002 2.97503876e+002 4.12408569e+002
  2.73548615e+002 4.20107300e+002 2.50678055e+002 427. 2.28068893e+002
  4.33861511e+002 2.05415497e+002 439. 1.82068085e+002 436.
  1.58842896e+002 434. 1.34951553e+002 4.34423157e+002 1.10730537e+002
  435. 8.65344620e+001 4.29591309e+002 6.37739410e+001 4.21573395e+002
  4.15733833e+001 4.12076691e+002 3.68466110e+001 410. 6.07330246e+001
  415. 8.37380066e+001 411. 1.07023788e+002 4.09485168e+002
  1.31029663e+002 408. 1.55042526e+002 408. 1.79332214e+002 407.
  2.03207687e+002 407. 2.27497375e+002 407. 2.51787064e+002 407.
  2.76076752e+002 408. 3.00204163e+002 410. 3.24095490e+002
  4.14229431e+002 3.47688293e+002 419. 3.70040375e+002 4.28975250e+002
  3.88975250e+002 447. 4.01061188e+002 4.66651459e+002 4.12651459e+002
  4.85226807e+002 4.23113403e+002 506. 431.</Path2D>
</opencv_storage>
