<?xml version="1.0"?>
<opencv_storage>
<Parameter>
  <Count>64</Count></Parameter>
<Path2D>
  177. 237. 1.98250412e+002 234. 2.20156830e+002 233. 2.42140320e+002
  2.32885971e+002 2.64085297e+002 232. 2.85880310e+002 230.
  3.07786713e+002 229. 3.29724518e+002 2.28379242e+002 3.51559204e+002
  227. 3.73502136e+002 2.26624466e+002 3.95219299e+002 2.23254379e+002
  4.16305878e+002 2.17347061e+002 4.36033417e+002 2.08483292e+002
  4.53023499e+002 1.94976501e+002 4.66699768e+002 1.77950348e+002
  4.76987122e+002 1.59025757e+002 4.84546753e+002 1.38719543e+002 485.
  1.16767883e+002 4.77199005e+002 9.67985153e+001 4.62036835e+002
  8.13578873e+001 4.45171082e+002 6.73783035e+001 4.25721863e+002
  5.77443733e+001 4.04588043e+002 5.21176071e+001 3.83051453e+002
  4.77628593e+001 3.61276520e+002 4.55460854e+001 3.39481232e+002
  4.36401749e+001 3.17747711e+002 4.14993515e+001 2.95993042e+002
  3.94988441e+001 2.74045166e+002 39. 2.53200638e+002 4.39331169e+001
  2.33272064e+002 5.27279282e+001 2.15033432e+002 6.46443787e+001
  1.97217148e+002 7.73914261e+001 1.82153061e+002 9.26938858e+001
  1.66641159e+002 1.07358833e+002 1.53710999e+002 1.24867012e+002
  1.44470032e+002 1.43824936e+002 1.36973038e+002 1.64080902e+002 131.
  1.84740448e+002 1.29808197e+002 2.06575394e+002 1.20605423e+002
  2.26091873e+002 119. 2.47661667e+002 122. 2.69203186e+002
  1.26728897e+002 2.90214844e+002 1.36010559e+002 3.10021118e+002
  1.45740875e+002 3.29611298e+002 1.57276917e+002 3.48276917e+002
  1.71815918e+002 3.64631836e+002 1.85650436e+002 3.81325226e+002
  2.02943253e+002 3.94628845e+002 2.22062805e+002 4.05020935e+002
  2.42018311e+002 4.13810974e+002 2.62313141e+002 4.21725250e+002
  2.82972656e+002 4.28495453e+002 3.04096924e+002 4.33698975e+002
  3.25329041e+002 437. 3.47318207e+002 437. 3.69307373e+002 437.
  3.90646271e+002 435. 4.10112427e+002 4.28629181e+002 4.28099701e+002
  4.17600220e+002 4.46367493e+002 4.07316254e+002 4.60103546e+002
  3.93896454e+002 474. 381.</Path2D>
</opencv_storage>
