<?xml version="1.0"?>
<opencv_storage>
<Parameter>
  <Count>64</Count></Parameter>
<Path2D>
  432. 93. 4.11240906e+002 8.36204605e+001 3.87636078e+002
  7.68786926e+001 3.64136169e+002 6.92840424e+001 3.39791382e+002 67.
  3.15052460e+002 67. 2.90524841e+002 6.84950333e+001 2.66388580e+002
  7.32685699e+001 2.42697571e+002 8.01008072e+001 2.18802094e+002
  8.63663177e+001 1.95345612e+002 9.33926315e+001 1.75750061e+002
  1.07249931e+002 1.60946487e+002 1.26267593e+002 1.53355240e+002
  1.49223831e+002 1.52661835e+002 1.73323685e+002 1.68261719e+002
  1.92015625e+002 1.89965744e+002 2.02988586e+002 2.12656189e+002
  2.11931244e+002 2.36987503e+002 2.16164581e+002 2.61503448e+002 219.
  2.86242371e+002 219. 3.10565125e+002 2.16686966e+002 3.34834229e+002
  2.12452255e+002 3.58435608e+002 2.05188141e+002 3.81540649e+002
  1.96675613e+002 3.99694427e+002 1.82305573e+002 4.12836334e+002
  1.62745483e+002 4.15075287e+002 1.70698837e+002 4.10176636e+002
  1.94940186e+002 4.11924622e+002 2.19376923e+002 4.09242584e+002
  2.43787018e+002 405. 2.67640045e+002 405. 2.92378967e+002 405.
  3.17117889e+002 403. 3.41471649e+002 3.99328125e+002 3.65343750e+002
  3.96728607e+002 3.89542786e+002 3.85462219e+002 4.09537781e+002
  3.63787628e+002 4.18737457e+002 3.39982239e+002 423. 3.15409241e+002
  4.24941528e+002 2.90736725e+002 426. 2.66078217e+002 4.24868317e+002
  2.41715530e+002 4.21571838e+002 2.17608398e+002 417. 1.96920044e+002
  4.03920044e+002 1.80489090e+002 3.85978180e+002 1.69224045e+002
  3.64672150e+002 161. 3.41449646e+002 156. 3.17750366e+002
  1.59671585e+002 2.93656830e+002 1.79159363e+002 2.80420319e+002
  2.01614822e+002 271. 2.24838318e+002 264. 2.48445465e+002 258.
  2.72697540e+002 255. 2.97313354e+002 254. 3.21990021e+002 255.
  3.46728943e+002 255. 3.71467865e+002 255. 3.95888275e+002
  2.53037247e+002 4.20589661e+002 2.52682068e+002 4.45261047e+002 252.
  4.68999969e+002 251.</Path2D>
</opencv_storage>
