<?xml version="1.0"?>
<opencv_storage>
<Parameter>
  <Count>64</Count></Parameter>
<Path2D>
  220. 439. 2.30648224e+002 4.28351776e+002 2.41548523e+002
  4.17300995e+002 2.52066254e+002 4.05622498e+002 2.60987701e+002
  3.93518433e+002 2.70222504e+002 3.80777496e+002 2.79270142e+002
  3.68047394e+002 2.87552307e+002 3.54895355e+002 2.95501709e+002
  3.41163849e+002 3.04025055e+002 3.27937378e+002 3.11057892e+002
  3.13826355e+002 3.17725861e+002 2.99479736e+002 3.24347168e+002
  2.85132080e+002 3.29464569e+002 2.70141724e+002 3.37007263e+002
  2.56474579e+002 3.42020996e+002 2.41426483e+002 3.46902557e+002
  2.26341080e+002 3.53112061e+002 2.11775864e+002 3.57765503e+002
  1.96703491e+002 3.62146240e+002 1.81561310e+002 3.67197144e+002
  1.66605698e+002 3.71479401e+002 1.51602982e+002 3.74945526e+002
  1.36272369e+002 3.77298889e+002 1.20752785e+002 380. 1.05338226e+002
  382. 8.97886429e+001 383. 7.40376129e+001 384. 5.82624969e+001
  3.85972687e+002 4.30273247e+001 3.83109741e+002 2.81097450e+001
  3.73218781e+002 1.66093941e+001 3.61381439e+002 9. 3.46237396e+002
  8.76260376e+000 3.32622040e+002 1.63779564e+001 3.20768127e+002
  2.64637165e+001 3.12577118e+002 3.88457909e+001 3.06055298e+002
  5.28341255e+001 3.03540497e+002 6.83785095e+001 2.99099091e+002
  8.35045700e+001 2.97818115e+002 9.92732086e+001 2.95625641e+002
  1.14994827e+002 2.93168121e+002 1.30655121e+002 292. 1.46447723e+002
  2.91348541e+002 1.62257355e+002 289. 1.77931458e+002 2.87386047e+002
  1.93683716e+002 285. 2.09327866e+002 285. 2.25201996e+002 285.
  2.41076126e+002 285. 2.56950256e+002 2.85299927e+002 2.72799561e+002
  288. 2.88370728e+002 288. 3.04244873e+002 2.92416016e+002
  3.19456085e+002 2.97493622e+002 3.34480835e+002 3.01311310e+002
  3.49867920e+002 3.04360657e+002 3.65442627e+002 3.09164398e+002
  3.80328766e+002 3.15424713e+002 3.94637085e+002 3.19978607e+002
  4.08978607e+002 3.26437469e+002 4.22656219e+002 3.37106873e+002
  4.33106873e+002 3.46260529e+002 4.42260529e+002 3.58999969e+002
  4.46999969e+002</Path2D>
</opencv_storage>
