<?xml version="1.0"?>
<opencv_storage>
<Parameter>
  <Count>64</Count></Parameter>
<Path2D>
  259. 38. 259. 5.86787529e+001 258. 7.92747421e+001 2.55613724e+002
  9.97039185e+001 254. 1.20176781e+002 2.51846375e+002 1.40614502e+002
  249. 1.61023544e+002 2.45816864e+002 1.81281967e+002 2.40237183e+002
  2.01051239e+002 2.36903503e+002 2.21289505e+002 2.31955841e+002
  2.41088318e+002 2.25599442e+002 2.60501373e+002 2.16975616e+002
  2.79121948e+002 210. 2.98031525e+002 2.02276993e+002 3.16615021e+002
  1.93183701e+002 3.35040741e+002 1.82155930e+002 3.51844055e+002
  1.70105698e+002 3.66894318e+002 1.55474304e+002 3.79525696e+002
  1.39290543e+002 3.91472961e+002 1.23498405e+002 4.02250793e+002 128.
  3.85542694e+002 1.38065125e+002 3.67804626e+002 1.47678909e+002
  3.49642181e+002 1.56473007e+002 3.30935730e+002 1.66373245e+002
  3.12846802e+002 1.74421204e+002 2.93893982e+002 1.81484589e+002
  2.74546204e+002 1.90255325e+002 2.55907791e+002 2.00123627e+002
  2.37752762e+002 2.06689713e+002 2.18241150e+002 2.13711136e+002
  1.98866592e+002 2.22210861e+002 1.80578278e+002 2.31507278e+002
  1.62478149e+002 2.40142975e+002 1.44028427e+002 2.49356354e+002
  1.25858185e+002 2.59000214e+002 1.07999786e+002 2.68857239e+002
  9.01427612e+001 2.81088348e+002 7.38674927e+001 2.96068512e+002
  5.99314804e+001 3.13244415e+002 4.88777847e+001 3.32835327e+002 43.
  3.53390961e+002 42. 3.74069702e+002 42. 3.93445313e+002
  4.81781311e+001 4.12109619e+002 5.68884621e+001 4.30939911e+002
  6.49399261e+001 4.47602966e+002 7.69522171e+001 462. 9.12537384e+001
  4.72273682e+002 1.08821060e+002 4.79398682e+002 1.28195999e+002 483.
  1.48268906e+002 4.80329834e+002 1.68010483e+002 4.69074524e+002
  1.83925476e+002 4.52354675e+002 1.95645309e+002 4.34099670e+002
  2.04950165e+002 4.14584900e+002 211. 3.94208160e+002 2.13965302e+002
  3.74166687e+002 217. 3.53487946e+002 217. 3.33189484e+002
  2.14547363e+002 3.13542358e+002 2.09180786e+002 2.95200073e+002 203.
  278. 1.97000031e+002</Path2D>
</opencv_storage>
