<?xml version="1.0"?>
<opencv_storage>
<Parameter>
  <Count>64</Count></Parameter>
<Path2D>
  427. 44. 4.11212524e+002 43. 3.95312103e+002 42. 3.79288574e+002 42.
  3.63265045e+002 42. 3.47241516e+002 42. 3.32225372e+002
  4.69248772e+001 3.17210175e+002 5.24813538e+001 3.02502594e+002
  5.87487030e+001 2.88620514e+002 6.66897430e+001 2.73653778e+002
  7.17692719e+001 2.59194763e+002 7.85368347e+001 2.44909164e+002
  8.55454178e+001 2.31264771e+002 9.38676147e+001 2.17148239e+002
  1.01425880e+002 2.03456818e+002 1.09695457e+002 1.90706390e+002
  1.19293602e+002 1.80066025e+002 1.30801910e+002 179. 1.46400528e+002
  1.84093933e+002 1.61281815e+002 1.91382248e+002 1.75254837e+002
  2.03105698e+002 1.86105698e+002 2.16145386e+002 1.95072693e+002
  2.30328339e+002 2.02442780e+002 2.45732590e+002 2.06366302e+002
  2.61299683e+002 2.08574921e+002 2.77147797e+002 210. 2.93171326e+002
  210. 3.09092407e+002 2.08558228e+002 3.24707306e+002 2.05286591e+002
  3.40467133e+002 2.02422150e+002 3.55611053e+002 1.97462982e+002
  3.68196075e+002 1.87803925e+002 3.78617859e+002 1.75764282e+002 386.
  1.62300369e+002 3.93617401e+002 1.48765198e+002 3.99656250e+002
  1.34343765e+002 4.05646851e+002 1.20059479e+002 4.11901550e+002
  1.06147697e+002 4.16022064e+002 9.09558640e+001 419. 8.41865311e+001
  416. 9.98027496e+001 4.14869781e+002 1.15651115e+002 412.
  1.31190186e+002 412. 1.47213730e+002 409. 1.62508606e+002 409.
  1.78532150e+002 4.09619843e+002 1.94479385e+002 410. 2.10456131e+002
  4.10059509e+002 2.26475967e+002 4.11072479e+002 2.42434952e+002
  4.14181030e+002 2.58133545e+002 4.16934692e+002 2.73771423e+002
  4.19487244e+002 2.89461700e+002 4.23909058e+002 3.04818115e+002
  4.26474762e+002 3.20424316e+002 430. 3.35520996e+002 430.
  3.51544525e+002 432. 3.67321838e+002 4.34671417e+002 3.83028503e+002
  436. 3.98969452e+002 4.37151550e+002 4.14909393e+002 438.
  4.30862701e+002 4.41999878e+002 445.</Path2D>
</opencv_storage>
