<?xml version="1.0"?>
<opencv_storage>
<Parameter>
  <Count>64</Count></Parameter>
<Path2D>
  477. 73. 4.58892944e+002 73. 4.40785889e+002 73. 4.22895966e+002
  7.06551056e+001 4.05054932e+002 6.77545776e+001 3.87024017e+002
  6.61024017e+001 3.68963654e+002 65. 3.50873596e+002 6.46248703e+001
  3.32794891e+002 64. 3.14687836e+002 64. 2.96643036e+002 63.
  2.78535980e+002 63. 2.60428925e+002 63. 2.42904312e+002
  6.60478439e+001 2.26071381e+002 7.19762115e+001 2.10826218e+002
  8.14781494e+001 1.95113647e+002 9.03813019e+001 1.79403503e+002
  9.91988297e+001 1.63112137e+002 1.06943932e+002 1.55531891e+002
  1.22936211e+002 1.57586823e+002 1.40173630e+002 1.70376556e+002
  1.52584366e+002 1.86868408e+002 1.59934204e+002 2.03612793e+002
  1.66716797e+002 2.20212692e+002 1.73948303e+002 2.37194565e+002
  1.80197968e+002 2.53462601e+002 1.88055405e+002 2.70494659e+002
  1.94164886e+002 2.87032745e+002 2.01442596e+002 3.03713074e+002
  2.08485229e+002 3.20139069e+002 2.16069534e+002 3.36765350e+002
  2.23170074e+002 3.53689941e+002 2.29229980e+002 3.70830475e+002
  2.35061432e+002 3.87834595e+002 2.41278198e+002 4.04653015e+002
  2.47956894e+002 4.21834808e+002 2.53611603e+002 4.38240540e+002 261.
  4.51835358e+002 2.72253052e+002 460. 2.87760956e+002 4.63277435e+002
  3.04832306e+002 465. 3.22699005e+002 465. 3.40806061e+002
  4.64395020e+002 3.58814941e+002 4.55750397e+002 3.74166412e+002
  4.39540924e+002 3.81983643e+002 4.22685547e+002 3.88563324e+002
  4.05826874e+002 3.95057709e+002 3.88499969e+002 4.00071442e+002
  3.71311584e+002 4.04883148e+002 3.53576874e+002 408. 3.35651581e+002
  410. 3.17544525e+002 410. 2.99437469e+002 410. 2.81330414e+002 410.
  2.63322357e+002 409. 2.46007370e+002 4.04002472e+002 2.28989410e+002
  3.98164886e+002 2.11505936e+002 394. 1.93830521e+002 3.90766113e+002
  1.76123871e+002 388. 1.59919418e+002 3.81946289e+002 144.
  3.75450287e+002 1.29000061e+002 3.70000061e+002</Path2D>
</opencv_storage>
