<?xml version="1.0"?>
<opencv_storage>
<Parameter>
  <Count>64</Count></Parameter>
<Path2D>
  148. 149. 1.65752594e+002 147. 1.84081665e+002 147. 2.02410736e+002
  147. 2.20739807e+002 147. 2.38988953e+002 1.45556778e+002
  2.57241821e+002 144. 2.75570892e+002 144. 2.93899963e+002 144.
  3.12229034e+002 144. 3.30172943e+002 142. 3.48502014e+002 142.
  3.66831085e+002 142. 3.85160156e+002 142. 4.03489227e+002 142.
  4.21719299e+002 143. 4.40048370e+002 143. 4.58215179e+002 144.
  4.76381989e+002 145. 4.76476776e+002 1.31215179e+002 4.64471436e+002
  1.17471428e+002 4.50726349e+002 1.05794769e+002 4.36791809e+002
  9.43958969e+001 4.22390137e+002 8.32600861e+001 4.07737640e+002
  7.27376480e+001 3.92197845e+002 6.35989189e+001 3.77650177e+002
  5.29752464e+001 3.63296570e+002 43. 3.47867371e+002 3.45782509e+001
  3.31729401e+002 28. 3.14553314e+002 24. 298. 2.53774185e+001
  2.90286499e+002 4.15674553e+001 2.86941742e+002 5.92912407e+001
  2.83614441e+002 7.73133774e+001 283. 9.55916061e+001 282.
  1.13797577e+002 280. 1.31965378e+002 280. 1.50294449e+002 278.
  1.68425491e+002 2.75401123e+002 1.86395462e+002 2.72511658e+002
  2.04418335e+002 271. 2.22639984e+002 271. 2.40969055e+002 271.
  2.59298126e+002 270. 2.77391144e+002 270. 2.95720215e+002 270.
  3.14049286e+002 270. 3.32378357e+002 270. 3.50707428e+002 270.
  3.69036499e+002 271. 3.87282806e+002 271. 4.05611877e+002
  2.71665344e+002 4.23665344e+002 2.82690094e+002 4.35345032e+002
  2.98900513e+002 443. 3.15170166e+002 4.50085083e+002 3.32884918e+002
  453. 3.51213989e+002 453. 3.69144714e+002 451. 3.86774200e+002 448.
  4.04183472e+002 443. 4.21656708e+002 4.38895538e+002 4.36999908e+002
  4.32000092e+002</Path2D>
</opencv_storage>
