<?xml version="1.0"?>
<opencv_storage>
<Parameter>
  <Count>64</Count></Parameter>
<Path2D>
  184. 85. 1.84114594e+002 9.65729523e+001 1.87333191e+002
  1.07666367e+002 1.92570053e+002 1.17997597e+002 1.98317474e+002
  1.28055588e+002 2.04705093e+002 1.37645218e+002 2.09962708e+002
  1.47937851e+002 2.15664566e+002 1.57996841e+002 2.22227966e+002
  1.67534958e+002 2.29154037e+002 1.76815659e+002 2.36203964e+002
  1.86004959e+002 2.42935883e+002 1.95419846e+002 2.49549988e+002
  2.04916656e+002 2.55965408e+002 2.14551559e+002 2.62005920e+002
  2.24023621e+002 2.67923096e+002 2.33307770e+002 2.72475586e+002
  2.43951172e+002 2.75988617e+002 2.54965851e+002 2.80708191e+002
  2.65416382e+002 2.84978119e+002 2.75945282e+002 2.89097931e+002
  2.86372406e+002 2.94598236e+002 2.96392944e+002 3.00174927e+002
  3.06349854e+002 3.05341919e+002 3.16341919e+002 3.10972656e+002
  3.25945313e+002 3.15726166e+002 3.36178528e+002 3.20235138e+002
  3.46705383e+002 3.25843781e+002 3.56765686e+002 3.30596802e+002
  3.66895203e+002 3.35969696e+002 3.76939392e+002 3.40122498e+002
  3.86244965e+002 3.45064148e+002 3.96128265e+002 351. 4.05012939e+002
  3.55880585e+002 3.97358215e+002 3.61981934e+002 3.87527100e+002 365.
  3.76575592e+002 3.69069885e+002 3.65836945e+002 3.73311066e+002
  3.55066833e+002 3.77144287e+002 3.44139252e+002 3.81249481e+002
  3.33438141e+002 3.85972870e+002 3.23094971e+002 3.90788147e+002
  3.12635590e+002 3.95656860e+002 3.02133972e+002 3.99687103e+002
  2.91282257e+002 4.04599701e+002 2.80800568e+002 4.08966003e+002
  2.70101959e+002 4.13507965e+002 2.59476105e+002 4.16988556e+002
  2.48517166e+002 4.20478973e+002 2.37563049e+002 4.25001068e+002
  2.26993500e+002 4.29141541e+002 2.16477936e+002 4.35403442e+002
  2.06789703e+002 4.41073425e+002 1.96889847e+002 4.47318115e+002
  1.87136505e+002 4.51696350e+002 1.76518234e+002 4.55470734e+002
  1.65587830e+002 4.60210327e+002 1.55184525e+002 4.64053345e+002
  1.44919968e+002 4.69998779e+002 1.35002472e+002 4.75073090e+002
  1.24853821e+002 4.80316193e+002 1.15683807e+002 486. 1.07447250e+002
  4.92829926e+002 99. 497. 91.</Path2D>
</opencv_storage>
