<?xml version="1.0"?>
<opencv_storage>
<Parameter>
  <Count>64</Count></Parameter>
<Path2D>
  83. 87. 89. 1.07607925e+002 9.40366440e+001 1.29073288e+002
  1.02185265e+002 1.49765625e+002 1.10456871e+002 1.70142166e+002
  1.18769272e+002 1.90794968e+002 1.26250885e+002 2.11752655e+002
  1.32424728e+002 2.33123657e+002 1.37118378e+002 2.54710281e+002
  1.41670349e+002 2.76351776e+002 145. 2.97952393e+002 1.50270065e+002
  3.19080261e+002 1.57633224e+002 3.39899658e+002 1.63582031e+002
  3.60582031e+002 1.70697388e+002 3.80697388e+002 1.78404602e+002
  4.00809204e+002 1.87665344e+002 3.99003967e+002 1.98529572e+002
  3.79658600e+002 2.07613602e+002 3.59644012e+002 2.17430389e+002
  3.39708832e+002 2.28007538e+002 3.20236816e+002 2.38348251e+002
  3.00651733e+002 2.51671463e+002 2.82925659e+002 2.64035370e+002
  2.64446960e+002 2.76279358e+002 2.46080978e+002 2.84606659e+002
  2.25786667e+002 2.94085968e+002 2.05871063e+002 3.03571960e+002
  1.85856094e+002 312. 1.65594421e+002 3.19098145e+002 1.44852768e+002
  325. 1.24209572e+002 330. 1.03226601e+002 3.33383484e+002
  1.07150406e+002 337. 1.28894455e+002 3.41310791e+002 1.50621582e+002
  3.48465149e+002 1.71395416e+002 3.56011169e+002 1.92022308e+002
  3.63799500e+002 2.12598984e+002 3.71298676e+002 2.33448013e+002
  3.78971954e+002 2.53929855e+002 386. 2.74630249e+002 3.90674225e+002
  2.96045410e+002 3.94324463e+002 3.17648895e+002 4.04226776e+002
  3.36907135e+002 4.11212433e+002 3.57637329e+002 4.19458344e+002
  3.76458344e+002 4.30211578e+002 3.95423157e+002 4.43897003e+002 411.
  4.55444061e+002 3.94111908e+002 4.65738373e+002 3.74784912e+002
  4.74711792e+002 3.54504395e+002 4.82147461e+002 3.33557617e+002
  4.92091705e+002 3.13816559e+002 5.01235931e+002 2.93528168e+002
  5.08159912e+002 2.72520264e+002 514. 2.51121979e+002 517.
  2.29449554e+002 5.26659851e+002 2.09680283e+002 5.36251465e+002
  1.89748520e+002 5.47759094e+002 1.72481781e+002 557. 1.53241608e+002
  5.61822205e+002 1.32355637e+002 5.69609009e+002 1.12390976e+002
  5.78999939e+002 9.60000305e+001</Path2D>
</opencv_storage>
