<?xml version="1.0"?>
<opencv_storage>
<Parameter>
  <Count>64</Count></Parameter>
<Path2D>
  27. 24. 2.90752411e+001 3.91504822e+001 31. 5.46927795e+001
  3.34082832e+001 7.02248535e+001 35. 8.57112885e+001 3.55401039e+001
  1.01620316e+002 36. 1.17542358e+002 37. 1.33376755e+002 37.
  1.49373428e+002 37. 1.65370102e+002 3.73314896e+001 1.81325958e+002
  40. 1.96855164e+002 43. 2.12365005e+002 44. 2.28238571e+002 44.
  2.44235245e+002 45. 2.59995850e+002 46. 2.75756439e+002 45.
  2.91654083e+002 45. 3.07650757e+002 44. 3.23485138e+002
  4.33373146e+001 3.39325378e+002 4.06225166e+001 3.54754974e+002
  3.78396835e+001 3.70320618e+002 36. 3.85956787e+002 36.
  4.01953461e+002 36. 4.17950134e+002 36. 4.33946808e+002 37.
  4.49707397e+002 4.67040710e+001 456. 6.24646759e+001 455.
  7.84550705e+001 4.55075836e+002 9.42521515e+001 457. 1.10125717e+002
  458. 1.26122391e+002 458. 1.42119064e+002 458. 1.58115738e+002 458.
  1.74112411e+002 458. 1.90109085e+002 458. 2.05869690e+002 457.
  2.21743256e+002 456. 2.37105515e+002 453. 2.53102188e+002 453.
  2.68862793e+002 452. 2.84859467e+002 452. 3.00856140e+002 452.
  3.16852814e+002 452. 3.32774719e+002 4.51245056e+002 3.48747131e+002
  451. 3.64743805e+002 451. 3.80740479e+002 451. 3.96737152e+002 451.
  4.12723846e+002 4.50879364e+002 4.28485474e+002 449. 4.44482147e+002
  449. 4.60478821e+002 449. 4.76475494e+002 449. 4.92472168e+002 449.
  5.08468842e+002 449. 5.24051331e+002 450. 5.40047974e+002 450.
  5.55794495e+002 4.51931488e+002 5.71242737e+002 454. 5.87239380e+002
  454. 603. 455.</Path2D>
</opencv_storage>
