<?xml version="1.0"?>
<opencv_storage>
<Parameter>
  <Count>64</Count></Parameter>
<Path2D>
  616. 19. 5.90346008e+002 19. 5.64825745e+002 2.08820324e+001
  5.39614563e+002 2.54836349e+001 5.14366943e+002 2.99475822e+001
  4.89155762e+002 3.45491791e+001 4.63740845e+002 3.80370255e+001
  4.38217560e+002 40. 4.12563568e+002 40. 3.86909576e+002 40.
  3.61333740e+002 3.90556259e+001 3.36162140e+002 3.47606087e+001
  3.10837494e+002 32. 2.85183502e+002 32. 2.59628540e+002 31.
  2.34057312e+002 32. 2.08480850e+002 3.26297874e+001 1.83136978e+002
  36. 1.57482986e+002 36. 1.31828995e+002 36. 1.06199638e+002
  3.57999077e+001 8.06441193e+001 35. 5.50891495e+001 34.
  2.99957809e+001 31. 3.58196945e+001 5.05492363e+001 38.
  7.59234619e+001 3.58948822e+001 1.01315353e+002 34. 1.26701019e+002
  34. 1.52355011e+002 3.78175850e+001 1.77452759e+002 42.
  2.02393417e+002 40. 2.27662247e+002 37. 2.52548416e+002 36.
  2.77966339e+002 36. 3.03620331e+002 36. 3.29274323e+002 35.
  3.54805206e+002 3.35774918e+001 3.80267517e+002 31. 4.05355652e+002
  27. 4.30171844e+002 2.94116230e+001 452. 5.50656128e+001 452.
  8.07152023e+001 4.51920532e+002 1.06281891e+002 4.50271820e+002
  1.31629135e+002 447. 1.57160019e+002 446. 1.81927658e+002 443.
  2.07581650e+002 443. 2.32851242e+002 446. 2.58505219e+002 446.
  2.84036102e+002 447. 3.09654694e+002 4.47218231e+002 3.35129730e+002
  4.48732819e+002 3.60622589e+002 451. 3.86205505e+002 452.
  4.11859497e+002 452. 4.37390381e+002 453. 4.63044373e+002 453.
  4.88698364e+002 453. 5.14229248e+002 452. 5.39720947e+002 451.
  5.64578247e+002 455. 590. 4.55232239e+002 6.12999878e+002 460.</Path2D>
</opencv_storage>
