<?xml version="1.0"?>
<opencv_storage>
<Parameter>
  <Count>64</Count></Parameter>
<Path2D>
  471. 9. 4.56287781e+002 2.70683498e+001 4.42120880e+002
  4.62527428e+001 4.27306061e+002 6.52585754e+001 4.11776764e+002
  8.37790375e+001 3.95925446e+002 1.01395462e+002 3.80673065e+002
  1.20057701e+002 3.64782623e+002 1.38217377e+002 3.47702850e+002
  1.55371429e+002 3.31595062e+002 1.73404938e+002 3.14004181e+002
  1.89996658e+002 2.97505402e+002 2.07494598e+002 2.80386169e+002
  2.24526154e+002 2.62283569e+002 2.40573151e+002 2.42667160e+002
  2.54666412e+002 2.21827316e+002 2.66586334e+002 2.02141586e+002
  2.79858429e+002 1.84389328e+002 2.95610687e+002 1.69901443e+002
  3.14197113e+002 1.54193771e+002 3.31612457e+002 1.36684967e+002
  3.47210022e+002 1.19505028e+002 3.62247498e+002 1.02494286e+002
  3.77752869e+002 8.41628265e+001 3.91837189e+002 67. 4.07203064e+002
  5.50074310e+001 4.25985138e+002 3.88378830e+001 4.40162109e+002 24.
  4.55831451e+002 1.53475800e+001 4.63652435e+002 3.22042923e+001
  4.46863800e+002 5.02153816e+001 4.30784607e+002 6.65258026e+001
  4.13379364e+002 8.22327347e+001 3.95209076e+002 9.80357971e+001
  3.76964203e+002 1.12607719e+002 3.57784546e+002 1.28318832e+002
  3.39681183e+002 1.43240936e+002 3.20879547e+002 1.62031357e+002
  3.06774902e+002 1.81047211e+002 2.92429199e+002 1.98745209e+002
  2.76882202e+002 2.16157333e+002 2.61842651e+002 2.32244644e+002
  2.44755356e+002 2.49256241e+002 2.31743759e+002 2.68106171e+002
  2.18178772e+002 2.88149597e+002 208. 3.09110168e+002 2.00220337e+002
  3.26926697e+002 2.15556015e+002 3.45305176e+002 2.30844131e+002
  3.61069427e+002 2.48641647e+002 3.79332855e+002 2.63332855e+002
  3.97247345e+002 2.78247345e+002 4.14228699e+002 2.94457397e+002
  4.30421539e+002 3.10632324e+002 4.47179443e+002 3.27059814e+002 462.
  3.44978760e+002 4.76817017e+002 362. 4.95428711e+002 3.76714355e+002
  5.15915527e+002 3.87957764e+002 5.33983948e+002 4.00491974e+002
  5.53041382e+002 4.12041412e+002 5.70881409e+002 4.25881409e+002
  5.89233398e+002 4.38233429e+002 606. 4.53333344e+002 621. 467.</Path2D>
</opencv_storage>
