<?xml version="1.0"?>
<opencv_storage>
<Parameter>
  <Count>64</Count></Parameter>
<Path2D>
  33. 23. 7.61745834e+001 25. 1.19560005e+002 23. 1.63206726e+002 23.
  2.06853439e+002 23. 2.50500153e+002 23. 2.94146881e+002 23.
  3.37694580e+002 24. 3.81341309e+002 24. 4.24988037e+002 24.
  4.68634766e+002 24. 5.12281494e+002 24. 5.55692139e+002 23.
  5.66044861e+002 21. 5.24137024e+002 2.99543228e+001 4.81795135e+002
  3.96819458e+001 4.39582825e+002 4.92361984e+001 3.96300598e+002 54.
  3.53649750e+002 6.25437813e+001 3.10883545e+002 71. 2.67902954e+002
  7.68194046e+001 2.24492950e+002 7.92511749e+001 1.81089996e+002 82.
  1.88279709e+002 1.08839134e+002 2.01149017e+002 1.49372528e+002
  2.16833389e+002 1.89500168e+002 2.27303604e+002 2.30910812e+002 236.
  2.72494843e+002 2.32346634e+002 3.15613464e+002 227. 3.57553192e+002
  2.62263977e+002 3.34041626e+002 2.95960480e+002 3.08299408e+002
  3.23636627e+002 2.75363373e+002 3.45378265e+002 2.38495651e+002
  3.64411346e+002 1.99471664e+002 382. 1.59958908e+002 3.91476440e+002
  1.18570694e+002 397. 1.20690498e+002 397. 1.64337219e+002
  3.92925446e+002 2.07447342e+002 3.77633484e+002 2.47366501e+002
  3.57150391e+002 2.85062012e+002 3.30290222e+002 3.18887238e+002
  2.97278839e+002 3.46961548e+002 2.62891754e+002 3.72664948e+002
  2.24247528e+002 3.92167206e+002 1.83077881e+002 4.05961060e+002
  1.40754639e+002 4.16463623e+002 9.72705536e+001 419. 5.53650894e+001
  4.24317444e+002 2.66417866e+001 429. 7.02885056e+001 429.
  1.13852463e+002 430. 1.57428116e+002 431. 2.01003769e+002 432.
  2.44650482e+002 432. 2.88214447e+002 433. 3.31762665e+002
  4.34768768e+002 3.75154907e+002 437. 4.18801636e+002 437.
  4.62448364e+002 437. 5.06095093e+002 437. 5.48181824e+002 430. 590.
  427.</Path2D>
</opencv_storage>
