<?xml version="1.0"?>
<opencv_storage>
<Parameter>
  <Count>64</Count></Parameter>
<Path2D>
  311. 15. 314. 4.81786957e+001 314. 8.26000290e+001 3.01978638e+002
  105. 2.67719574e+002 106. 2.33421341e+002 107. 2.00462845e+002 112.
  1.66513641e+002 114. 1.32327316e+002 1.15734535e+002 9.89066162e+001
  1.20093384e+002 6.52750244e+001 122. 3.08536892e+001 122.
  4.72822647e+001 124. 8.17035980e+001 124. 1.15844826e+002 126.
  1.50103882e+002 127. 1.84525223e+002 127. 2.18946564e+002 127.
  2.53131836e+002 126. 2.86858917e+002 122. 3.21181244e+002 121.
  3.55602570e+002 121. 3.90023895e+002 121. 4.23736389e+002
  1.16852722e+002 4.56966736e+002 111. 4.90841400e+002 107.
  5.24848511e+002 106. 5.59269836e+002 106. 5.93405762e+002 104.
  5.91606873e+002 106. 5.58377930e+002 112. 5.24578186e+002 117.
  4.90625854e+002 1.21937416e+002 4.56576294e+002 1.26346245e+002
  4.22667542e+002 1.31388748e+002 3.89326599e+002 1.38557800e+002
  3.55100128e+002 140. 3.20678802e+002 140. 2.87335144e+002 144.
  2.56799438e+002 1.58400421e+002 2.32095749e+002 1.80808502e+002
  2.14879837e+002 2.10120163e+002 1.96848602e+002 2.38454193e+002
  1.81656464e+002 268. 1.84798599e+002 3.00194427e+002 2.02126190e+002
  3.29351440e+002 2.25618042e+002 3.53412018e+002 2.57139282e+002
  3.66713104e+002 2.89843842e+002 375. 3.23767822e+002 378.
  3.58189148e+002 378. 3.92610474e+002 378. 4.26783844e+002
  3.76304047e+002 4.58096405e+002 3.62958679e+002 4.83376343e+002
  3.40623657e+002 4.98756958e+002 3.10350647e+002 504. 2.76746796e+002
  4.95627441e+002 2.44627426e+002 4.73061127e+002 2.19183380e+002
  4.48058350e+002 1.96033340e+002 4.17499176e+002 1.80499634e+002
  3.84967133e+002 1.70241791e+002 3.53796875e+002 1.57598953e+002
  3.23000061e+002 146.</Path2D>
</opencv_storage>
