<?xml version="1.0"?>
<opencv_storage>
<Parameter>
  <Count>64</Count></Parameter>
<Path2D>
  168. 224. 1.80976654e+002 224. 1.93953308e+002 224. 2.06929962e+002
  224. 2.19906616e+002 224. 2.32883270e+002 224. 2.45859924e+002 224.
  2.58600494e+002 223. 2.71410645e+002 2.22294678e+002 2.84317719e+002
  222. 2.97294373e+002 222. 3.09856812e+002 221. 319. 2.16580750e+002
  320. 2.03766373e+002 3.21963867e+002 1.91108414e+002 322.
  1.78137619e+002 322. 1.65160965e+002 322. 1.52184311e+002 318.
  1.40434433e+002 316. 1.28108063e+002 3.14409088e+002 1.16227303e+002
  314. 1.03317032e+002 314. 9.03403778e+001 314. 7.73637238e+001 314.
  6.43870697e+001 315. 5.16464882e+001 315. 3.86698380e+001 315.
  2.56931877e+001 314. 1.37165365e+001 313. 2.08459015e+001 313.
  3.38225517e+001 313. 4.67992020e+001 313. 5.97758522e+001 313.
  7.27525024e+001 313. 8.57291565e+001 313. 9.87058105e+001 313.
  1.11682465e+002 314. 1.24423050e+002 314. 1.37399704e+002 314.
  1.50376358e+002 314. 1.63353012e+002 314. 1.76329666e+002 314.
  1.89306320e+002 315. 2.02120697e+002 319. 2.14019653e+002 322.
  2.26288101e+002 324. 2.38866409e+002 326. 2.51014633e+002 326.
  2.63991272e+002 326. 2.76967926e+002 326. 2.89944580e+002 326.
  3.02921234e+002 326. 3.15897888e+002 326. 3.28874542e+002 329.
  3.40860474e+002 329. 3.53837128e+002 329. 3.66813782e+002 329.
  3.79790436e+002 329. 3.92767090e+002 328. 4.05507660e+002 328.
  4.18484314e+002 328. 4.31460968e+002 328. 4.44437622e+002 327. 457.</Path2D>
</opencv_storage>
