<?xml version="1.0"?>
<opencv_storage>
<Parameter>
  <Count>64</Count></Parameter>
<Path2D>
  168. 204. 1.88100555e+002 204. 2.08201111e+002 204. 2.28301666e+002
  204. 2.48402222e+002 204. 2.61224854e+002 1.96550308e+002 266.
  1.77933304e+002 269. 1.58852524e+002 270. 1.38988037e+002 271.
  1.19123558e+002 271. 9.90230103e+001 272. 9.88414688e+001 272.
  1.18942017e+002 272. 1.39042572e+002 272. 1.59143127e+002 272.
  1.79243683e+002 275. 1.98353531e+002 2.78519104e+002 2.17557281e+002
  280. 2.37343719e+002 281. 2.57030060e+002 281. 2.77130615e+002 281.
  2.97231171e+002 280. 3.16917511e+002 280. 3.37018066e+002
  2.80513824e+002 3.38944641e+002 2.86722473e+002 3.19832581e+002
  2.93300629e+002 3.00973877e+002 3.03086334e+002 2.83496399e+002
  3.12682526e+002 2.65964294e+002 3.21824005e+002 2.48135986e+002
  3.30086884e+002 2.29826263e+002 3.39254517e+002 2.11941879e+002
  3.48789429e+002 1.94315872e+002 3.56224609e+002 1.75938492e+002 363.
  1.57365662e+002 3.67513733e+002 1.37917572e+002 3.71581879e+002
  1.18836250e+002 375. 9.95426102e+001 379. 8.04906921e+001 382.
  6.16327858e+001 382. 4.15322380e+001 382. 2.14316902e+001 382.
  3.66688576e+001 3.83508209e+002 5.65246544e+001 386. 7.61470490e+001
  387. 9.60115280e+001 387. 1.16112076e+002 386. 1.35976563e+002
  3.85518311e+002 1.55963394e+002 385. 1.75941589e+002 385.
  1.96042145e+002 385. 2.16142700e+002 3.84891205e+002 2.36217575e+002
  381. 2.55295181e+002 381. 2.75395721e+002 381. 2.95496277e+002
  3.80733093e+002 3.15533813e+002 380. 3.35461304e+002 380.
  3.55561859e+002 380. 3.75662415e+002 380. 3.95762970e+002 377.
  4.14213226e+002 377. 4.34313782e+002 376. 454.</Path2D>
</opencv_storage>
