<?xml version="1.0"?>
<opencv_storage>
<Parameter>
  <Count>64</Count></Parameter>
<Path2D>
  15. 170. 3.18476849e+001 169. 4.96953697e+001 169. 6.74602890e+001
  168. 8.52089539e+001 167. 1.03056641e+002 167. 1.20490112e+002 166.
  1.37761307e+002 164. 1.55608994e+002 164. 1.73042465e+002 163.
  1.90284592e+002 161. 2.08132278e+002 161. 2.25979965e+002 161.
  2.43827652e+002 161. 2.61675323e+002 161. 2.79523010e+002 161.
  2.97370697e+002 161. 3.15218384e+002 161. 3.33066071e+002 161.
  3.50913757e+002 161. 3.68761444e+002 161. 3.86609131e+002 161.
  4.04456818e+002 161. 4.22304504e+002 161. 4.40152191e+002 161.
  4.57999878e+002 161. 4.75847565e+002 161. 4.93695251e+002 161.
  5.11306854e+002 160. 5.28992249e+002 159. 5.46839905e+002 159.
  5.64289246e+002 161. 5.81900879e+002 162. 5.99748535e+002 162.
  6.17596191e+002 162. 6.22556152e+002 162. 6.04708496e+002 162.
  5.86860840e+002 162. 5.69013184e+002 162. 5.51165527e+002 162.
  5.33317871e+002 162. 5.15470215e+002 162. 4.97622528e+002 162.
  4.79774841e+002 162. 4.61927155e+002 162. 4.44114899e+002
  1.62252884e+002 4.26582977e+002 165. 4.08735291e+002 165.
  3.90887604e+002 165. 3.73039917e+002 165. 3.55192230e+002 165.
  3.37344543e+002 165. 324. 1.70088928e+002 324. 1.87936615e+002 324.
  2.05784302e+002 327. 2.22997574e+002 327. 2.40845261e+002 330.
  2.57450317e+002 332. 2.74825867e+002 334. 2.91845123e+002 335.
  3.09456726e+002 335. 3.27304413e+002 335. 3.45152100e+002
  3.35999786e+002 362.</Path2D>
</opencv_storage>
