<?xml version="1.0"?>
<opencv_storage>
<Parameter>
  <Count>64</Count></Parameter>
<Path2D>
  14. 213. 2.39608707e+001 215. 3.47501678e+001 215. 4.55394669e+001
  215. 5.58872452e+001 2.13778183e+002 6.65807419e+001 213.
  7.73700409e+001 213. 8.81593399e+001 213. 9.89486389e+001 213.
  1.09737938e+002 213. 1.20527237e+002 213. 1.31316528e+002 213.
  1.42105820e+002 213. 1.52895111e+002 213. 1.63684402e+002 213.
  1.74473694e+002 213. 1.85262985e+002 213. 1.96052277e+002 213.
  2.06841568e+002 213. 2.17630859e+002 213. 2.28420151e+002 213.
  2.39209442e+002 213. 2.49998734e+002 213. 2.60788025e+002 213.
  2.71577332e+002 213. 2.82366638e+002 213. 2.93155945e+002 213.
  3.03945251e+002 213. 3.14635529e+002 214. 3.25424835e+002 214.
  3.36214142e+002 214. 3.47003448e+002 214. 3.57792755e+002 214.
  3.68582062e+002 214. 3.79330414e+002 2.14332611e+002 3.89946869e+002
  2.15736710e+002 4.00703766e+002 216. 4.11493073e+002 216.
  4.22282379e+002 216. 4.33071686e+002 216. 4.43860992e+002 216.
  4.54650299e+002 216. 4.65439606e+002 216. 4.76228912e+002 216.
  4.86910706e+002 2.16455353e+002 4.97335358e+002 218. 5.08124664e+002
  218. 5.18913940e+002 218. 5.29703247e+002 218. 5.40492554e+002 218.
  5.51281860e+002 218. 5.62071167e+002 218. 5.72860474e+002 218.
  5.83649780e+002 218. 5.94024841e+002 217. 599. 2.10014282e+002 598.
  1.99461060e+002 597. 1.88907837e+002 5.94529053e+002 1.79058136e+002
  5.91381470e+002 1.69144379e+002 588. 1.60067261e+002 587.
  1.49514038e+002 5.85391174e+002 1.39391144e+002 583. 130.</Path2D>
</opencv_storage>
