<?xml version="1.0"?>
<opencv_storage>
<Parameter>
  <Count>64</Count></Parameter>
<Path2D>
  10. 207. 1.82082863e+001 1.98583435e+002 2.59059410e+001
  1.88094055e+002 3.49075737e+001 1.78697479e+002 4.50523872e+001
  1.71421417e+002 5.45309219e+001 1.62469086e+002 6.44044266e+001
  1.53865189e+002 7.51230774e+001 1.46584610e+002 8.59668121e+001
  1.40066376e+002 9.60852814e+001 1.33457352e+002 1.05768463e+002
  1.26231537e+002 1.15381393e+002 1.17618607e+002 1.23584755e+002
  1.09415245e+002 1.31081009e+002 1.00918991e+002 140. 1.06402161e+002
  1.47095825e+002 1.16095818e+002 1.55154556e+002 1.26154556e+002
  1.63803467e+002 1.36071289e+002 1.72014725e+002 1.46352966e+002
  1.79986023e+002 1.56739517e+002 1.87986984e+002 1.66980484e+002
  1.97707153e+002 1.75624298e+002 2.07787033e+002 1.84029633e+002
  2.18479584e+002 1.91687744e+002 2.29206848e+002 1.99324112e+002
  2.40011032e+002 2.06758270e+002 2.50593094e+002 2.14593094e+002
  2.61294678e+002 2.22147339e+002 2.72379822e+002 2.29227905e+002
  2.83465118e+002 2.36348846e+002 2.94421539e+002 2.43652924e+002
  3.06001770e+002 2.49000885e+002 3.17395813e+002 2.55597214e+002
  3.28127167e+002 2.62563568e+002 3.38994629e+002 2.67996429e+002
  3.49973694e+002 2.74991241e+002 3.60835449e+002 2.81835449e+002
  3.71997711e+002 2.88498871e+002 3.83002106e+002 2.95004242e+002
  3.93384857e+002 3.01384857e+002 4.04478790e+002 3.07957581e+002
  4.14328705e+002 3.16164337e+002 4.24024384e+002 3.24012177e+002
  4.35018646e+002 3.31009338e+002 4.45668610e+002 3.36668610e+002
  4.56226593e+002 343. 4.68409180e+002 3.42590820e+002 4.78445618e+002
  3.35554382e+002 484. 3.24095398e+002 4.90199310e+002 3.12800690e+002
  5.00295929e+002 3.04852020e+002 5.09972839e+002 2.96027161e+002
  5.17779663e+002 2.85661041e+002 524. 2.75186310e+002 5.28666016e+002
  2.63500946e+002 5.38297180e+002 2.54621689e+002 5.48910156e+002
  2.47044937e+002 5.57872559e+002 2.38254913e+002 5.68317017e+002
  2.31682968e+002 5.75646362e+002 2.22353653e+002 5.83537415e+002
  2.13925186e+002 5.92593262e+002 2.05406738e+002 6.00377747e+002
  1.96622238e+002 6.07999939e+002 188.</Path2D>
</opencv_storage>
