<?xml version="1.0"?>
<opencv_storage>
<Parameter>
  <Count>64</Count></Parameter>
<Path2D>
  56. 48. 6.53672256e+001 46. 7.59705200e+001 46. 8.65738144e+001 46.
  9.71771088e+001 46. 1.07780403e+002 46. 1.18383698e+002 46.
  1.28986984e+002 46. 1.39590271e+002 46. 1.50193558e+002 46.
  1.60796844e+002 46. 1.71400131e+002 46. 1.82003418e+002 46.
  1.92606705e+002 46. 2.03209991e+002 46. 2.13813278e+002 46.
  2.24416565e+002 46. 2.35019852e+002 46. 2.45623138e+002 46.
  2.56226440e+002 46. 2.66829742e+002 46. 2.77433044e+002 46.
  2.88036346e+002 46. 2.97286041e+002 4.75721092e+001 3.03661713e+002
  5.56617012e+001 3.09895538e+002 6.37910500e+001 3.16361420e+002
  7.21485672e+001 3.21967010e+002 8.09175415e+001 3.28402191e+002
  8.92065735e+001 3.34861755e+002 9.74341125e+001 3.40202332e+002
  1.06442787e+002 3.47039948e+002 1.14546593e+002 3.53209076e+002
  1.23134537e+002 3.59198975e+002 1.31878571e+002 3.65535095e+002
  1.40380127e+002 3.71026581e+002 1.49437210e+002 3.77411682e+002
  1.57894012e+002 3.83638947e+002 1.66458420e+002 3.90245087e+002
  1.74743134e+002 3.96055542e+002 1.83597229e+002 4.02657654e+002
  1.91789185e+002 4.09119141e+002 2.00178711e+002 4.14710815e+002
  2.09184692e+002 4.20279877e+002 2.18119461e+002 4.25633331e+002
  2.27055557e+002 4.31843231e+002 2.35611877e+002 4.38259277e+002
  2.43953735e+002 4.44739807e+002 2.52232986e+002 4.50622681e+002
  2.61037781e+002 4.56063049e+002 2.70126099e+002 4.61918182e+002
  2.78897705e+002 4.68238525e+002 2.87397552e+002 4.74351990e+002
  2.96022369e+002 4.80763306e+002 3.04454132e+002 4.86538544e+002
  3.13154205e+002 4.91655670e+002 3.22139191e+002 4.97307129e+002
  3.31076172e+002 5.02980225e+002 3.39980225e+002 5.08136810e+002
  3.48894714e+002 5.14173279e+002 3.57519836e+002 5.18437012e+002
  3.67155518e+002 5.24059814e+002 3.76099640e+002 5.30147583e+002
  3.84573792e+002 534. 3.92999969e+002</Path2D>
</opencv_storage>
