<?xml version="1.0"?>
<opencv_storage>
<Parameter>
  <Count>64</Count></Parameter>
<Path2D>
  335. 25. 339. 3.70923805e+001 339. 5.12492561e+001 339.
  6.54061356e+001 339. 7.95630112e+001 339. 9.37198868e+001 339.
  1.07876762e+002 339. 1.22033638e+002 339. 1.36190521e+002 337.
  1.50022842e+002 337. 1.64179718e+002 3.36675842e+002 1.78296692e+002
  336. 1.92370361e+002 336. 2.06527237e+002 336. 2.20684113e+002 336.
  2.34840988e+002 336. 2.48997864e+002 336. 2.63154755e+002 336.
  2.77311646e+002 335. 2.91306244e+002 3.32056122e+002 3.04719391e+002
  331. 3.18708435e+002 3.29718597e+002 3.32562805e+002 329.
  3.46550049e+002 329. 3.60706940e+002 329. 3.74863831e+002 327.
  3.88735321e+002 327. 4.02892212e+002 327. 4.17049103e+002
  3.26794006e+002 429. 3.13599640e+002 4.24599640e+002 3.01234680e+002
  4.18489777e+002 2.89973724e+002 4.09973724e+002 2.82224609e+002
  3.98224609e+002 2.73892303e+002 3.86838470e+002 2.64942719e+002
  3.75961823e+002 2.56456848e+002 3.65185272e+002 248. 3.53967957e+002
  2.40072891e+002 3.43109344e+002 233. 3.32822723e+002 2.31186035e+002
  3.24186035e+002 2.38491776e+002 3.35983551e+002 2.45913925e+002
  3.47913910e+002 2.54365646e+002 3.58910431e+002 2.64330444e+002
  3.68660889e+002 2.73601959e+002 3.79203888e+002 2.81395050e+002
  3.90526733e+002 2.91106628e+002 4.00737762e+002 3.01643433e+002
  4.09965179e+002 3.12987823e+002 4.17329285e+002 3.23486542e+002
  4.25243256e+002 3.34198669e+002 4.31099335e+002 3.46176788e+002
  4.26823212e+002 3.55704437e+002 4.16394073e+002 3.63604156e+002
  4.04861145e+002 3.72390442e+002 3.93761963e+002 3.78893463e+002
  3.81532684e+002 3.83746552e+002 3.68506866e+002 3.90234802e+002
  3.56323914e+002 3.98934021e+002 3.45532990e+002 4.09713165e+002
  3.36857880e+002 4.20793732e+002 3.28206268e+002 430. 3.18678040e+002
  440. 312.</Path2D>
</opencv_storage>
