<?xml version="1.0"?>
<opencv_storage>
<Parameter>
  <Count>64</Count></Parameter>
<Path2D>
  139. 61. 1.12153229e+002 6.76935349e+001 90. 8.60619659e+001
  8.83142395e+001 1.15471367e+002 1.10323318e+002 133. 1.39442505e+002
  135. 1.63553253e+002 1.20446739e+002 168. 9.17354736e+001
  1.59350739e+002 6.53507309e+001 1.79626434e+002 6.32323456e+001
  2.10125046e+002 64. 2.40678223e+002 64. 2.70783691e+002
  6.57836761e+001 3.00307373e+002 6.93073730e+001 3.29997162e+002 72.
  3.60550323e+002 72. 3.91103485e+002 72. 4.21061401e+002 75.
  4.51614563e+002 75. 4.82167725e+002 75. 5.12720886e+002 75. 542.
  7.71117783e+001 5.22365723e+002 9.93074112e+001 4.97997772e+002
  1.17572693e+002 4.72278137e+002 1.33977493e+002 4.47761841e+002
  1.52170120e+002 4.21510986e+002 1.67721268e+002 3.94964783e+002
  1.82690140e+002 3.69408783e+002 1.99394150e+002 3.44640228e+002
  2.17261642e+002 3.18865845e+002 2.33567078e+002 2.92301941e+002
  2.48598328e+002 2.66503326e+002 2.64712402e+002 2.40201965e+002
  2.80078827e+002 2.13839432e+002 2.95440369e+002 1.87070969e+002
  3.10102295e+002 1.59223709e+002 3.22258759e+002 1.33045105e+002
  3.37216156e+002 1.07996696e+002 3.52003296e+002 8.40005035e+001
  3.68999512e+002 6.22971878e+001 3.88702820e+002 5.92201996e+001 401.
  8.97733688e+001 401. 1.20326538e+002 401. 1.50879715e+002 401.
  1.81232071e+002 3.99170654e+002 2.11402817e+002 3.94959717e+002
  2.41612854e+002 3.90673401e+002 2.71254120e+002 3.83549164e+002
  3.00411774e+002 3.75966370e+002 3.29707672e+002 3.68287170e+002
  3.58812469e+002 3.59056274e+002 3.88406097e+002 353. 4.17293610e+002
  3.44423828e+002 4.45388794e+002 335. 4.52346130e+002 3.35326935e+002
  432. 3.55039581e+002 432. 3.85592743e+002 4.55722931e+002 398.
  4.86276093e+002 398. 5.13635681e+002 3.89728607e+002 5.16097961e+002
  3.61097931e+002 4.98397766e+002 3.39397766e+002 4.71000031e+002
  3.34000031e+002</Path2D>
</opencv_storage>
