<?xml version="1.0"?>
<opencv_storage>
<Parameter>
  <Count>64</Count></Parameter>
<Path2D>
  582. 441. 5.60950012e+002 4.29570007e+002 5.39376953e+002
  4.16188477e+002 5.17279236e+002 4.03711700e+002 4.94037872e+002
  3.93461273e+002 4.70559967e+002 3.83749084e+002 4.47667877e+002
  3.72967529e+002 4.25960602e+002 3.59977020e+002 4.03694336e+002
  3.47880859e+002 3.82288635e+002 3.34430389e+002 3.59738068e+002
  3.22825378e+002 3.38308319e+002 3.09220245e+002 3.16726166e+002
  2.95817444e+002 2.95711273e+002 2.82140839e+002 2.73981384e+002
  2.68990692e+002 2.52579163e+002 2.56579163e+002 2.32143570e+002
  2.42071777e+002 2.11827805e+002 2.27413895e+002 1.93815033e+002
  2.10018784e+002 1.78509979e+002 1.89764954e+002 1.65723465e+002
  1.67893875e+002 1.51286438e+002 1.47358047e+002 1.41374710e+002
  1.24749420e+002 1.44804398e+002 1.00293411e+002 1.58402466e+002
  7.91300354e+001 1.80225220e+002 6.88873901e+001 2.05431076e+002 68.
  2.28919006e+002 7.54392548e+001 2.42167206e+002 9.57234955e+001 245.
  1.20639542e+002 2.35083160e+002 1.43396042e+002 2.18781357e+002
  1.62682190e+002 2.00212128e+002 1.79840912e+002 1.81855667e+002
  1.97216492e+002 1.66572891e+002 2.17281326e+002 1.49418488e+002
  2.35581512e+002 1.32144928e+002 2.53855072e+002 1.15947495e+002
  2.73105011e+002 1.02307472e+002 2.94154205e+002 9.25907898e+001
  3.17348694e+002 8.20028076e+001 3.39994385e+002 79. 3.65087921e+002
  8.05637817e+001 3.89954712e+002 9.72898560e+001 4.07515930e+002
  1.20542343e+002 415. 1.45957687e+002 415. 1.71373032e+002 415.
  1.96788376e+002 415. 2.22203720e+002 415. 2.47495956e+002 414.
  2.72269226e+002 4.09456055e+002 2.95553345e+002 3.99631104e+002
  3.15507385e+002 3.84797058e+002 3.36909485e+002 3.71454315e+002
  3.60288666e+002 3.61927826e+002 3.83229797e+002 3.51262115e+002
  4.03705261e+002 3.37117889e+002 4.26989136e+002 3.27004089e+002
  4.49693207e+002 3.15768921e+002 4.73025818e+002 3.05842407e+002
  4.96019073e+002 2.95235687e+002 5.16999329e+002 2.81200409e+002
  5.34191711e+002 2.62712463e+002 550. 243.</Path2D>
</opencv_storage>
