<?xml version="1.0"?>
<opencv_storage>
<Parameter>
  <Count>64</Count></Parameter>
<Path2D>
  114. 29. 1.30323441e+002 29. 1.46646881e+002 29. 1.62970322e+002 29.
  1.79293762e+002 29. 1.95518173e+002 30. 2.11841614e+002 30.
  2.28165054e+002 30. 2.44430664e+002 3.09288330e+001 2.60133240e+002
  3.50190353e+001 2.76373016e+002 3.61961479e+001 2.92568268e+002 38.
  3.08891693e+002 38. 3.24631744e+002 4.08421783e+001 3.40823761e+002
  42. 3.56548828e+002 4.59097672e+001 3.71940460e+002 5.13134880e+001
  3.86443024e+002 5.87215042e+001 4.01557861e+002 6.47789307e+001
  4.17126740e+002 6.91877899e+001 4.33268555e+002 7.16097946e+001
  4.48569611e+002 7.70278473e+001 4.62905334e+002 8.41242599e+001
  4.76951172e+002 9.23707047e+001 4.89654297e+002 1.02523430e+002
  5.01607208e+002 1.13607208e+002 5.14380493e+002 1.23634117e+002
  5.22177185e+002 1.37943024e+002 5.28036194e+002 1.53108536e+002
  5.33997009e+002 1.67981949e+002 536. 1.83980591e+002 536.
  2.00304031e+002 536. 2.16627472e+002 537. 2.32888657e+002 537.
  2.49212097e+002 537. 2.65535522e+002 5.35649353e+002 2.81753174e+002
  5.28885254e+002 2.96459045e+002 5.20109558e+002 3.09890442e+002
  5.09549988e+002 3.22312531e+002 4.98607819e+002 3.34392181e+002
  4.87065399e+002 3.45934601e+002 4.73123993e+002 3.54297516e+002
  4.59759308e+002 3.63566101e+002 4.44737701e+002 3.69848358e+002
  4.29853485e+002 3.76431000e+002 4.15750946e+002 3.84624542e+002
  4.00962555e+002 3.91518707e+002 3.86261902e+002 3.98602051e+002
  3.71085571e+002 4.04457214e+002 3.56221802e+002 4.11079498e+002
  3.40561554e+002 4.15573090e+002 3.24553558e+002 418. 3.08653687e+002
  421. 2.92524414e+002 423. 2.76685150e+002 426. 2.60724579e+002 429.
  2.44648499e+002 4.31175751e+002 2.29027084e+002 4.34993225e+002
  2.13680374e+002 4.39553284e+002 1.97903351e+002 4.43419342e+002
  1.81678085e+002 4.44330475e+002 1.65909210e+002 447. 150. 448.</Path2D>
</opencv_storage>
