<?xml version="1.0"?>
<opencv_storage>
<Parameter>
  <Count>64</Count></Parameter>
<Path2D>
  68. 304. 68. 2.91731079e+002 66. 2.79747559e+002 66. 2.67478638e+002
  66. 2.55209717e+002 66. 2.42940796e+002 66. 2.30671875e+002
  6.55032349e+001 2.18668823e+002 63. 2.07739594e+002 6.55293198e+001
  198. 7.76106796e+001 1.96539810e+002 8.96639404e+001 195.
  1.01932854e+002 195. 1.14201767e+002 195. 1.26470680e+002 195.
  1.38739594e+002 195. 1.51008514e+002 195. 1.63277435e+002 195.
  1.75546356e+002 195. 1.87815277e+002 195. 2.00084198e+002 195.
  2.12353119e+002 195. 2.24622040e+002 195. 2.36890961e+002 195.
  2.49159882e+002 195. 2.61428802e+002 195. 2.73697723e+002 195.
  2.85966644e+002 195. 2.98235565e+002 195. 3.10504486e+002 195.
  3.22773407e+002 195. 3.35042328e+002 195. 3.47311249e+002 195.
  3.59580170e+002 195. 3.71849091e+002 195. 3.84118011e+002 195.
  3.96386932e+002 195. 4.08655853e+002 195. 4.20924774e+002 195.
  4.33193695e+002 195. 4.45462616e+002 195. 4.57731537e+002 195.
  4.70000458e+002 195. 4.82269379e+002 195. 4.94538300e+002 195.
  5.06807220e+002 195. 5.19076111e+002 195. 5.31345032e+002 195.
  5.43613953e+002 195. 5.55882874e+002 195. 5.68151794e+002 195.
  5.80420715e+002 195. 592. 1.95689636e+002 592. 2.07958557e+002 592.
  2.20227478e+002 592. 2.32496399e+002 592. 2.44765320e+002 592.
  2.57034241e+002 592. 2.69303162e+002 592. 2.81572083e+002
  5.94636414e+002 2.92909302e+002 595. 3.05119202e+002 595.
  3.17388123e+002 601. 326.</Path2D>
</opencv_storage>
