<?xml version="1.0"?>
<opencv_storage>
<Parameter>
  <Count>64</Count></Parameter>
<Path2D>
  79. 204. 9.77291565e+001 202. 1.17581421e+002 202. 1.37079498e+002
  1.98384094e+002 1.56893723e+002 198. 1.76745987e+002 198.
  1.96598251e+002 198. 2.16450516e+002 198. 2.36302780e+002 198.
  2.56155029e+002 198. 2.76007294e+002 198. 2.95859558e+002 198.
  3.15711823e+002 198. 3.35564087e+002 198. 3.55416351e+002 198.
  3.75268616e+002 198. 3.95120880e+002 198. 4.14973145e+002 198.
  4.34825409e+002 198. 4.54677673e+002 198. 4.74529938e+002 198.
  4.94219910e+002 199. 5.14072144e+002 199. 5.33727478e+002
  2.00745499e+002 5.53169373e+002 203. 5.64360718e+002 1.95082108e+002
  5.54878784e+002 1.77927277e+002 5.39566650e+002 1.65566620e+002
  5.25536804e+002 1.51844147e+002 5.11659790e+002 1.37659775e+002
  4.99888214e+002 1.21888206e+002 4.85507385e+002 1.08258629e+002
  4.70949219e+002 9.49365311e+001 4.58204895e+002 7.97561188e+001
  4.46504028e+002 6.39213791e+001 4.32619904e+002 4.97624359e+001
  4.16075684e+002 3.88067551e+001 3.99624512e+002 2.79683762e+001
  3.83105103e+002 1.70840740e+001 3.66930817e+002 6.86163044e+000
  3.50484924e+002 0. 345. 1.43673382e+001 3.47356659e+002
  3.39233131e+001 3.49852722e+002 5.35581398e+001 3.53896271e+002
  7.28590164e+001 355. 9.26612091e+001 355. 1.12513474e+002 355.
  1.32365738e+002 355. 1.52218002e+002 355. 1.72070267e+002 355.
  1.91922531e+002 355. 2.11774796e+002 3.55509460e+002 2.31603943e+002
  3.58249542e+002 2.51244034e+002 3.59836060e+002 2.71032684e+002 360.
  2.90878113e+002 360. 3.10730377e+002 3.60811646e+002 3.30551483e+002
  3.64555176e+002 3.49996460e+002 3.66747467e+002 3.69727295e+002 367.
  3.89565582e+002 367. 4.09417847e+002 365. 4.28797974e+002 362.
  4.46999969e+002</Path2D>
</opencv_storage>
