<?xml version="1.0"?>
<opencv_storage>
<Parameter>
  <Count>64</Count></Parameter>
<Path2D>
  123. 24. 1.26258759e+002 3.32587624e+001 131. 4.19034615e+001
  1.34830322e+002 5.14909554e+001 1.37686340e+002 6.13726654e+001
  1.42102509e+002 7.03075104e+001 1.46654144e+002 7.96353760e+001
  1.51609497e+002 8.87618713e+001 1.59001343e+002 9.60026703e+001
  1.64424347e+002 1.04828400e+002 1.70539612e+002 1.13232689e+002
  1.76643677e+002 1.21643677e+002 1.82421112e+002 1.30273788e+002
  1.88297516e+002 1.38871887e+002 1.95014435e+002 1.46850174e+002
  2.00413422e+002 1.55696106e+002 2.06344696e+002 1.64220459e+002
  2.11977707e+002 1.72970276e+002 2.17991653e+002 1.81487488e+002
  2.23182663e+002 1.90528793e+002 2.29248459e+002 1.98997955e+002
  2.34864273e+002 2.07782822e+002 2.41092392e+002 2.16147842e+002
  2.46770981e+002 2.24881119e+002 2.53606644e+002 2.32758301e+002
  2.60122498e+002 2.40903107e+002 2.66415436e+002 2.49220596e+002
  2.73686523e+002 2.56686523e+002 2.79992279e+002 2.64989685e+002
  2.86111450e+002 2.73413116e+002 2.92878296e+002 2.81347870e+002
  2.98901794e+002 2.89852692e+002 3.04980957e+002 2.98301575e+002
  3.11974884e+002 3.05974884e+002 3.18800812e+002 3.13800812e+002
  3.25013977e+002 3.22013977e+002 3.30562927e+002 3.30688812e+002
  3.36390289e+002 3.39187073e+002 3.42533783e+002 3.47533783e+002
  3.49066650e+002 3.55599976e+002 3.55442230e+002 3.63442230e+002
  3.62236908e+002 3.71296143e+002 3.68643921e+002 3.79525238e+002
  3.75244019e+002 3.87244019e+002 3.80507385e+002 3.96014771e+002
  3.85855652e+002 4.04570435e+002 3.92138885e+002 4.12138885e+002
  3.98807220e+002 4.19807220e+002 4.04647125e+002 4.26647125e+002
  4.13517181e+002 429. 4.23947632e+002 429. 4.34378082e+002 429.
  4.44808533e+002 429. 4.55238983e+002 429. 4.65669434e+002 429.
  4.76099884e+002 429. 4.86530334e+002 429. 4.96960785e+002 429.
  5.07155151e+002 430. 5.17171387e+002 431. 5.27258606e+002
  4.32258636e+002 5.37381958e+002 433. 5.47812378e+002 433. 557. 436.</Path2D>
</opencv_storage>
