<?xml version="1.0"?>
<opencv_storage>
<Parameter>
  <Count>64</Count></Parameter>
<Path2D>
  299. 19. 299. 3.25947227e+001 299. 4.61894455e+001 3.00165436e+002
  5.93308945e+001 303. 7.22564621e+001 3.04176575e+002 8.57063370e+001
  305. 9.91996918e+001 307. 1.12217918e+002 309. 1.25488083e+002
  3.12313507e+002 1.38567581e+002 316. 1.51586060e+002 316.
  1.65180786e+002 316. 1.78775513e+002 317. 1.92247131e+002 318.
  2.05742828e+002 3.18066193e+002 2.19330994e+002 320. 2.32762177e+002
  3.20880676e+002 2.46284012e+002 321. 2.59868866e+002 3.20759399e+002
  2.73443665e+002 319. 2.86904480e+002 319. 3.00499207e+002 319.
  3.14093933e+002 3.22839020e+002 3.26678040e+002 328. 3.38519989e+002
  329. 3.51878632e+002 329. 3.65473358e+002 329. 3.79068085e+002 329.
  3.92662811e+002 332. 4.05415924e+002 332. 4.19010651e+002 331.
  4.32369293e+002 3.27806488e+002 4.33104858e+002 3.21433044e+002
  4.22149536e+002 3.16591522e+002 4.09887299e+002 3.12091736e+002
  3.97183441e+002 3.07637177e+002 3.84365784e+002 3.02833893e+002
  3.71667786e+002 2.97598053e+002 3.59196106e+002 2.93459259e+002
  3.46377747e+002 2.87988647e+002 3.33965942e+002 2.82732635e+002
  3.21465271e+002 2.77481323e+002 3.08962646e+002 2.72651794e+002
  2.96607178e+002 2.69754883e+002 2.83509735e+002 2.67083984e+002
  2.70419983e+002 2.63174164e+002 2.57522491e+002 2.59370300e+002
  2.44481216e+002 2.57618591e+002 2.31092957e+002 2.55886871e+002
  2.17660614e+002 2.53288513e+002 2.04442535e+002 253. 1.90876389e+002
  253. 1.77281662e+002 253. 1.63686935e+002 252. 1.50254486e+002 252.
  1.36659760e+002 252. 1.23065041e+002 2.49290298e+002 1.09870872e+002
  249. 9.63232651e+001 249. 8.27285461e+001 249. 6.91338272e+001 249.
  5.55391045e+001 247. 4.25946655e+001 245. 31.</Path2D>
</opencv_storage>
