<?xml version="1.0"?>
<opencv_storage>
<Parameter>
  <Count>64</Count></Parameter>
<Path2D>
  440. 27. 4.27536865e+002 27. 4.15073730e+002 27. 4.02610596e+002 27.
  3.90147461e+002 27. 3.77737762e+002 2.77517490e+001 3.65390533e+002
  2.94349117e+001 3.52984222e+002 3.02015762e+001 3.40693451e+002
  3.20766335e+001 3.28386963e+002 3.38613052e+001 3.15930756e+002 34.
  3.03467621e+002 34. 2.91004486e+002 34. 2.78541351e+002 34.
  2.66078217e+002 34. 2.53615097e+002 34. 2.41151978e+002 34. 230.
  3.53111458e+001 230. 4.77742691e+001 2.31000595e+002 6.00011864e+001
  2.32126678e+002 7.21900253e+001 235. 8.39236755e+001 2.36826172e+002
  9.60654144e+001 2.39528580e+002 1.08114304e+002 2.41101959e+002
  1.20407822e+002 243. 1.32637283e+002 244. 1.45001389e+002
  2.45573715e+002 1.57294861e+002 2.49203537e+002 1.69212387e+002 250.
  1.81563965e+002 2.52829849e+002 1.93319382e+002 2.55686462e+002
  2.05432297e+002 2.59101074e+002 2.17404266e+002 262. 2.29495438e+002
  262. 2.41958557e+002 263. 2.54259399e+002 263. 2.66722534e+002 263.
  2.79185669e+002 263. 2.91648804e+002 263. 3.04111938e+002 263.
  3.16575073e+002 263. 3.29038208e+002 263. 3.41501343e+002 263.
  3.53964478e+002 263. 3.66427612e+002 263. 3.78890747e+002 263.
  3.91353882e+002 263. 4.03817017e+002 263. 4.16280151e+002 263.
  4.28743286e+002 2.68377991e+002 437. 2.80678833e+002 438.
  2.93141968e+002 438. 3.05605103e+002 438. 3.18068237e+002 438.
  3.30531372e+002 438. 3.42994507e+002 438. 3.55457642e+002 438.
  3.67684692e+002 439. 3.80147827e+002 439. 3.92610962e+002 439.
  4.05074097e+002 439. 4.17537231e+002 439. 429. 440.</Path2D>
</opencv_storage>
