<?xml version="1.0"?>
<opencv_storage>
<Parameter>
  <Count>64</Count></Parameter>
<Path2D>
  238. 21. 2.57417938e+002 20. 2.77052032e+002 18. 2.96884186e+002 18.
  3.16172852e+002 2.08621407e+001 3.35856842e+002 2.22570515e+001
  3.55210541e+002 2.62456150e+001 3.74427216e+002 3.08090725e+001
  3.93379425e+002 3.62758827e+001 4.12468567e+002 4.07812233e+001
  4.31398865e+002 4.57595444e+001 4.48407654e+002 5.56445885e+001
  4.64735840e+002 6.66415024e+001 4.76552887e+002 8.11057510e+001 479.
  1.00433998e+002 4.78283386e+002 1.20149849e+002 4.70421082e+002
  1.37973663e+002 4.58613983e+002 1.53772049e+002 4.46483551e+002
  1.69032913e+002 4.30935455e+002 1.81032272e+002 4.14035583e+002
  1.90982208e+002 3.95382019e+002 1.96872665e+002 3.76392395e+002
  2.02173599e+002 3.57670715e+002 2.07776428e+002 3.38825928e+002
  2.12904449e+002 3.19665375e+002 217. 3.00201385e+002 220.
  2.81054779e+002 2.23315063e+002 2.67591949e+002 2.27795975e+002
  2.86805389e+002 2.31701355e+002 3.06344177e+002 2.34241196e+002
  3.26007721e+002 2.36000961e+002 3.45666901e+002 2.38454605e+002
  3.64546570e+002 2.44471481e+002 3.83894958e+002 2.48754440e+002
  4.03419434e+002 2.52069901e+002 4.22877167e+002 2.55679184e+002
  4.42060944e+002 2.59740387e+002 4.60978821e+002 2.65419495e+002
  4.79213898e+002 2.73205200e+002 4.97237732e+002 2.81273590e+002
  5.15182922e+002 2.89591461e+002 5.31174622e+002 3.01174652e+002
  5.45121277e+002 3.14803192e+002 549. 3.33514587e+002 5.42490417e+002
  3.51386963e+002 5.30913391e+002 3.67448822e+002 5.16372742e+002
  3.80644165e+002 5.00487213e+002 3.92410217e+002 4.84661713e+002
  4.04225525e+002 4.67594971e+002 4.14202515e+002 4.52664612e+002
  4.26167694e+002 4.38642883e+002 4.39678558e+002 4.20367981e+002
  4.46877350e+002 4.01263947e+002 450. 3.81609955e+002 4.51556030e+002
  3.62760468e+002 456. 3.42928314e+002 456. 3.23096161e+002 456.
  3.03264008e+002 456. 2.83431854e+002 456. 2.64428131e+002 458.
  2.44595993e+002 458. 225. 459.</Path2D>
</opencv_storage>
