<?xml version="1.0"?>
<opencv_storage>
<Parameter>
  <Count>64</Count></Parameter>
<Path2D>
  246. 123. 2.54508484e+002 1.16491516e+002 2.60012299e+002
  1.06987709e+002 2.65867432e+002 9.83976974e+001 2.74487610e+002
  9.20082550e+001 2.80863251e+002 8.34102173e+001 2.85385529e+002
  7.36144791e+001 2.92070618e+002 6.49058304e+001 2.98499969e+002
  5.62500648e+001 3.04456818e+002 4.70863914e+001 3.09361389e+002
  3.76386223e+001 3.15781189e+002 2.88282032e+001 3.22894958e+002
  2.34474754e+001 3.29242950e+002 3.22429581e+001 3.36219208e+002
  4.06576385e+001 3.43501312e+002 4.85013275e+001 3.50344513e+002
  5.70335426e+001 3.56696075e+002 6.58267746e+001 3.63670990e+002
  7.42532349e+001 3.70602631e+002 8.26710663e+001 3.78122711e+002
  9.05920410e+001 3.85873322e+002 9.82986526e+001 3.94343262e+002
  1.05343246e+002 4.02109802e+002 1.13164719e+002 4.09091431e+002
  1.21182854e+002 4.12241455e+002 129. 4.01215210e+002 129.
  3.90204712e+002 1.29159058e+002 3.79261749e+002 130. 3.68235504e+002
  130. 3.57209259e+002 130. 3.46183014e+002 130. 342. 1.37429016e+002
  342. 1.48455261e+002 342. 1.59481506e+002 342. 1.70507751e+002
  3.42496948e+002 1.81484787e+002 343. 1.92461212e+002 343.
  2.03487457e+002 343. 2.14513702e+002 343. 2.25539948e+002
  3.43379852e+002 2.36519424e+002 3.46082855e+002 2.47207153e+002
  3.49854431e+002 2.57563263e+002 3.50221436e+002 2.68550140e+002 351.
  2.79521057e+002 351. 2.90547302e+002 3.52130066e+002 3.01390167e+002
  354. 3.12152130e+002 355. 3.22764160e+002 357. 3.33184845e+002 357.
  3.44211090e+002 3.49286530e+002 3.51237823e+002 3.40645691e+002
  3.57283447e+002 3.31646637e+002 3.63612030e+002 3.22776581e+002
  3.70139648e+002 3.13294312e+002 3.75731018e+002 3.03110443e+002
  3.79955811e+002 2.92953827e+002 3.84242737e+002 2.83853302e+002
  3.90288910e+002 2.74086517e+002 3.95275665e+002 2.64530701e+002
  4.00734650e+002 2.54592987e+002 4.05407013e+002 246. 411.</Path2D>
</opencv_storage>
