<?xml version="1.0"?>
<opencv_storage>
<Parameter>
  <Count>64</Count></Parameter>
<Path2D>
  224. 132. 2.27305206e+002 1.18491333e+002 2.34838852e+002
  1.06268578e+002 2.43894012e+002 9.51271820e+001 2.50348404e+002
  8.23031769e+001 2.57090729e+002 6.98487778e+001 2.64668732e+002
  5.76625366e+001 2.70493439e+002 4.55065727e+001 2.78108002e+002 35.
  2.92469025e+002 35. 3.04067200e+002 4.26008186e+001 3.14842590e+002
  5.18425980e+001 3.25835114e+002 6.08351021e+001 3.36334747e+002
  7.06122818e+001 3.47168182e+002 7.99772720e+001 3.57975067e+002
  8.93800507e+001 3.68757416e+002 9.88180695e+001 3.79598267e+002
  1.08198700e+002 3.91164642e+002 1.16329292e+002 400. 1.25823074e+002
  3.89815887e+002 128. 3.75454865e+002 128. 3.61093842e+002 128.
  3.46732819e+002 128. 3.32371796e+002 128. 3.18010773e+002 128.
  3.03649750e+002 128. 2.89288727e+002 128. 286. 1.39072311e+002 286.
  1.53433350e+002 286. 1.67794388e+002 286. 1.82155426e+002 286.
  1.96516464e+002 286. 2.10877502e+002 286. 2.25238541e+002 286.
  2.39599579e+002 286. 2.53960617e+002 286. 2.68321655e+002 286.
  2.82682678e+002 286. 2.97043701e+002 286. 3.11404724e+002 286.
  3.25765747e+002 286. 3.40126770e+002 2.86487793e+002 354.
  3.00848816e+002 354. 3.15209839e+002 354. 3.29570862e+002 354.
  3.43931885e+002 354. 3.58292908e+002 354. 3.57563629e+002
  3.61154541e+002 3.47806702e+002 3.71386597e+002 3.39282990e+002
  3.82717010e+002 3.33164856e+002 3.95670319e+002 3.27447388e+002
  4.08552612e+002 3.22063568e+002 4.20872864e+002 3.12731964e+002 430.
  3.00840332e+002 423. 2.90073853e+002 4.15049225e+002 2.81070251e+002
  4.04070251e+002 2.70323242e+002 3.94661621e+002 2.59551758e+002
  3.86275879e+002 2.48542709e+002 3.77542725e+002 2.38033569e+002
  3.70033569e+002 2.30000107e+002 3.59000092e+002</Path2D>
</opencv_storage>
