<?xml version="1.0"?>
<opencv_storage>
<Parameter>
  <Count>64</Count></Parameter>
<Path2D>
  559. 38. 5.47683533e+002 39. 5.36204773e+002 39. 5.24726013e+002 39.
  5.13247253e+002 39. 5.01768524e+002 39. 4.90289795e+002 39.
  4.78811066e+002 39. 4.67332336e+002 39. 4.55853607e+002 39.
  4.44374878e+002 39. 4.32896149e+002 39. 4.21417419e+002 39.
  4.09938690e+002 39. 3.98459961e+002 39. 3.86981232e+002 39.
  3.75502502e+002 39. 3.64023773e+002 39. 3.52545044e+002 39.
  3.41066315e+002 39. 3.29587585e+002 39. 3.18937286e+002 41.
  3.07458557e+002 41. 2.95979828e+002 41. 2.84501099e+002 41.
  2.76587433e+002 4.67062798e+001 2.67894287e+002 5.41409607e+001
  2.60808807e+002 6.31638756e+001 2.52431381e+002 7.09607697e+001
  2.45448029e+002 8.00692978e+001 2.37589828e+002 8.84101791e+001
  2.29807220e+002 9.68418808e+001 2.22181168e+002 1.05421196e+002
  2.14820511e+002 1.14224365e+002 2.07782242e+002 1.23290352e+002
  2.00894989e+002 1.32473343e+002 1.94070053e+002 1.41701935e+002
  1.87446350e+002 1.51076645e+002 1.80498825e+002 1.60201416e+002
  1.74157135e+002 1.69748581e+002 1.66640686e+002 1.78419189e+002
  1.59012115e+002 1.86987885e+002 1.51349030e+002 1.95476456e+002
  1.45233032e+002 2.05180542e+002 1.40100708e+002 2.15431671e+002
  1.35116180e+002 2.25767639e+002 1.29637527e+002 2.35852448e+002
  1.22540367e+002 2.44827332e+002 1.16818741e+002 2.54771881e+002
  1.10451485e+002 2.64322784e+002 1.04084221e+002 2.73873657e+002
  9.87733231e+001 2.83968903e+002 9.47233047e+001 2.94553406e+002
  9.15641708e+001 3.05435822e+002 8.63479462e+001 3.15202728e+002
  8.13686447e+001 3.25175140e+002 7.59858704e+001 3.35042389e+002
  7.12032547e+001 3.45390228e+002 6.48050003e+001 354. 5.91748848e+001
  3.62475342e+002 5.22473946e+001 3.71376312e+002 4.55719147e+001
  3.79428070e+002 3.78741226e+001 3.87125885e+002 33. 3.95999908e+002</Path2D>
</opencv_storage>
