<?xml version="1.0"?>
<opencv_storage>
<Parameter>
  <Count>64</Count></Parameter>
<Path2D>
  352. 47. 3.27725433e+002 48. 3.03400024e+002 4.83249969e+001
  2.79096405e+002 49. 2.54750763e+002 49. 2.42168869e+002
  6.80518951e+001 2.28896133e+002 8.82077332e+001 2.18829422e+002
  1.10341148e+002 2.07198120e+002 1.31702835e+002 1.92590118e+002
  1.51114822e+002 1.80401779e+002 1.72095993e+002 1.68740814e+002
  1.93388763e+002 1.54778214e+002 2.13277237e+002 1.40678787e+002
  2.32963623e+002 1.30667847e+002 2.54996475e+002 1.20777100e+002
  2.76834351e+002 1.09094398e+002 2.97874146e+002 9.20886078e+001
  3.14881866e+002 7.68509445e+001 3.33723572e+002 7.04923630e+001
  3.41671753e+002 9.23014374e+001 3.31849274e+002 1.14587952e+002
  3.22149841e+002 1.35302078e+002 3.09452728e+002 1.57228470e+002
  2.98885773e+002 1.79669052e+002 2.89499115e+002 2.00655930e+002
  2.77537628e+002 2.23011627e+002 2.67994202e+002 2.44446014e+002
  2.56452148e+002 2.64230560e+002 2.42353104e+002 2.84893280e+002
  2.29499741e+002 3.06079254e+002 2.17511536e+002 3.26973022e+002
  2.05016190e+002 3.48188507e+002 1.93086899e+002 3.70822174e+002
  1.84301270e+002 3.93203339e+002 1.74918671e+002 4.15338013e+002
  1.64830994e+002 4.37254425e+002 1.54247620e+002 4.58875366e+002
  1.43062317e+002 4.80442078e+002 1.31778961e+002 5.02837280e+002
  1.22387573e+002 5.26066162e+002 1.15475182e+002 5.48787354e+002
  1.06737541e+002 5.69087646e+002 95. 5.86206543e+002 85.
  5.77069031e+002 79. 5.52723389e+002 79. 5.28377747e+002 79.
  5.04032104e+002 79. 4.79686462e+002 79. 4.55485535e+002
  7.63872833e+001 4.31920868e+002 7.13841705e+001 4.16359436e+002
  8.02811050e+001 4.05390381e+002 1.01975372e+002 3.95485962e+002
  1.24028084e+002 3.86251068e+002 1.46310608e+002 3.75104584e+002
  1.67843124e+002 3.66521454e+002 1.90392746e+002 3.58826813e+002
  2.13432968e+002 3.47245331e+002 2.34693329e+002 3.37244019e+002
  2.56633972e+002 3.25157440e+002 2.77737610e+002 3.11606110e+002
  2.97393890e+002 2.96674744e+002 3.15325256e+002 284. 335.</Path2D>
</opencv_storage>
