<?xml version="1.0"?>
<opencv_storage>
<Parameter>
  <Count>64</Count></Parameter>
<Path2D>
  132. 21. 1.46786453e+002 2.71909657e+001 1.63196365e+002
  3.45981865e+001 1.81231964e+002 3.91159782e+001 1.98219849e+002
  4.71099243e+001 2.15544937e+002 5.37574921e+001 2.33360641e+002
  5.92404327e+001 2.49948120e+002 6.78423233e+001 2.67988770e+002
  7.29962540e+001 2.86232330e+002 7.74464645e+001 3.04018250e+002
  8.32072983e+001 3.21337860e+002 9.04834976e+001 3.38720734e+002
  9.75735779e+001 3.56439056e+002 1.03813026e+002 3.74456360e+002
  1.08796135e+002 3.92187775e+002 1.14593887e+002 4.09120087e+002
  1.22560043e+002 4.26561401e+002 1.29460526e+002 4.43537201e+002
  1.37087372e+002 4.60744904e+002 1.44581635e+002 4.78083160e+002
  1.51520782e+002 4.95497375e+002 1.57748688e+002 5.12908936e+002
  1.64381790e+002 5.30544434e+002 1.70272232e+002 5.47403809e+002 178.
  559. 1.89240997e+002 5.44855957e+002 1.99225174e+002 5.28406555e+002
  2.08296722e+002 5.12257446e+002 2.17828369e+002 4.95741791e+002
  2.26754929e+002 4.79910583e+002 2.36827438e+002 4.63005829e+002
  2.44997086e+002 4.46707367e+002 2.54311432e+002 4.30709991e+002
  2.64102997e+002 4.14470306e+002 2.73517822e+002 3.98499084e+002
  2.83409668e+002 3.82472870e+002 2.93023254e+002 3.66348114e+002
  3.02473267e+002 3.49834747e+002 3.11406769e+002 3.32767303e+002
  3.19240387e+002 3.16527679e+002 3.28683380e+002 3.00014496e+002
  3.37549103e+002 2.83871307e+002 3.46851471e+002 2.66925415e+002
  3.54518646e+002 2.50076172e+002 3.62282562e+002 2.33866180e+002
  3.71422546e+002 2.17393036e+002 3.80303497e+002 2.00942032e+002 388.
  1.84072723e+002 3.95970917e+002 1.67455109e+002 4.03696594e+002
  1.52112061e+002 411. 1.70900085e+002 411. 1.89688110e+002 411.
  2.08476135e+002 411. 2.27264160e+002 411. 2.46052185e+002 411.
  2.64840210e+002 411. 2.83628235e+002 411. 3.02253998e+002 412.
  3.21042023e+002 412. 3.39830048e+002 412. 3.58494965e+002 413.
  3.76040344e+002 416. 3.93999939e+002 418.</Path2D>
</opencv_storage>
