<?xml version="1.0"?>
<opencv_storage>
<Parameter>
  <Count>64</Count></Parameter>
<Path2D>
  201. 170. 1.89047440e+002 1.60047440e+002 177. 1.49510284e+002
  1.66556259e+002 1.35741669e+002 161. 1.19913811e+002 161.
  1.02437691e+002 1.69591583e+002 8.84084244e+001 1.80514709e+002
  7.52279282e+001 1.93587784e+002 6.43091660e+001 2.08530716e+002
  5.53128586e+001 2.24399765e+002 4.83001213e+001 2.40168060e+002
  4.14991608e+001 2.56641937e+002 3.61790314e+001 2.73720703e+002
  3.27597656e+001 2.91018127e+002 31. 3.08494232e+002 31.
  3.25970337e+002 31. 3.43126831e+002 3.40543556e+001 3.59839539e+002
  3.87679062e+001 3.74777863e+002 4.73889389e+001 3.88173676e+002
  5.83473778e+001 3.97061310e+002 7.30817566e+001 4.07811432e+002
  8.68114471e+001 4.16490784e+002 1.01726944e+002 4.22965790e+002
  1.17829025e+002 426. 1.34898544e+002 4.23563385e+002 1.51873245e+002
  4.11863983e+002 1.64068008e+002 3.97442627e+002 1.73622955e+002
  3.82283844e+002 1.81787109e+002 3.66326599e+002 1.88869354e+002
  3.49803406e+002 1.93299149e+002 3.33837524e+002 2.00264984e+002
  3.17448761e+002 206. 306. 2.15431107e+002 3.03606659e+002
  2.32573410e+002 300. 2.48984131e+002 2.97170563e+002 2.65658905e+002
  2.95282288e+002 2.82794250e+002 294. 3.00023438e+002 294.
  3.17499542e+002 292. 3.34651093e+002 292. 3.52127197e+002 292.
  3.69603302e+002 292. 3.87079407e+002 292. 4.04555511e+002
  2.89204437e+002 420. 2.72390442e+002 4.17195221e+002 2.56021606e+002
  4.12010803e+002 2.40077316e+002 4.05630920e+002 2.24166641e+002
  3.98583313e+002 2.09345764e+002 3.90345764e+002 2.15366089e+002
  3.97366089e+002 2.30700439e+002 4.05340088e+002 2.46501236e+002
  4.11625305e+002 2.62653259e+002 4.17102173e+002 2.78578369e+002
  4.23289185e+002 2.94635071e+002 4.29054016e+002 3.11042664e+002 433.
  3.24960480e+002 4.23019775e+002 3.36739471e+002 4.10390778e+002
  3.47476318e+002 3.96682434e+002 3.58956909e+002 3.83724121e+002
  3.67999908e+002 371.</Path2D>
</opencv_storage>
