<?xml version="1.0"?>
<opencv_storage>
<Parameter>
  <Count>64</Count></Parameter>
<Path2D>
  462. 57. 4.57070587e+002 6.39294052e+001 4.53308258e+002
  7.15889969e+001 4.49298248e+002 7.92690048e+001 4.43871674e+002
  8.61283340e+001 4.39271362e+002 9.34572754e+001 4.33331268e+002
  9.98359222e+001 4.27950562e+002 1.06732582e+002 4.23026093e+002
  1.13960876e+002 4.18006012e+002 1.20987976e+002 4.12800293e+002
  1.27999489e+002 4.07855164e+002 1.35202774e+002 4.02780762e+002
  1.42328842e+002 3.97928040e+002 1.49607925e+002 3.92546509e+002
  1.56453476e+002 3.87529572e+002 1.63431000e+002 3.83496765e+002
  1.71172043e+002 3.80267273e+002 1.79287262e+002 3.77649200e+002
  1.87613892e+002 3.73510834e+002 1.95304443e+002 3.70285583e+002
  2.03428848e+002 3.65982208e+002 2.11026703e+002 3.61638428e+002
  2.18602615e+002 3.57655518e+002 2.26361237e+002 3.53608582e+002
  2.34104538e+002 3.48768890e+002 2.41369781e+002 3.44132263e+002
  2.48788376e+002 3.40349762e+002 2.56640350e+002 3.35653168e+002
  2.64020233e+002 3.31226685e+002 2.71546661e+002 3.27060669e+002
  2.79232208e+002 3.23009583e+002 2.86980835e+002 3.17960754e+002
  2.94078461e+002 3.12877014e+002 3.01153748e+002 3.07474731e+002
  3.08033691e+002 3.02070374e+002 3.14912018e+002 2.96421326e+002
  3.21578674e+002 2.90393402e+002 3.27737732e+002 286. 3.34870636e+002
  2.81617249e+002 3.42382751e+002 2.77403992e+002 3.49788025e+002
  2.71717346e+002 3.56282654e+002 2.66504791e+002 3.63293304e+002
  2.61582214e+002 3.70522247e+002 2.56652100e+002 3.77695831e+002
  2.51380554e+002 3.84619446e+002 2.45525040e+002 3.90424896e+002
  2.40568802e+002 397. 2.34111160e+002 4.01296265e+002 2.25477005e+002
  402. 2.16728653e+002 402. 2.07980301e+002 402. 1.99231949e+002 402.
  1.90483597e+002 402. 1.81735245e+002 402. 1.72986893e+002 402.
  1.64238541e+002 402. 1.55490189e+002 402. 1.46741837e+002 402.
  1.37993484e+002 402. 1.29245132e+002 402. 1.20496773e+002 402.
  1.11748413e+002 402. 104. 4.02999939e+002</Path2D>
</opencv_storage>
