<?xml version="1.0"?>
<opencv_storage>
<Parameter>
  <Count>64</Count></Parameter>
<Path2D>
  545. 49. 5.14644226e+002 4.00805283e+001 4.82855499e+002
  3.56232300e+001 4.50790192e+002 34. 4.18659332e+002 3.34574165e+001
  3.86523163e+002 33. 3.54358521e+002 33. 3.22264954e+002 34.
  2.90130432e+002 3.35163040e+001 2.58060181e+002 32. 2.25895538e+002
  32. 1.93827637e+002 3.34635963e+001 1.63138397e+002 4.25744057e+001
  1.36333298e+002 5.93333893e+001 1.16217209e+002 8.37103882e+001 104.
  1.12572617e+002 95. 1.43171005e+002 9.00865936e+001 1.74653610e+002
  88. 2.06585464e+002 96. 2.36335739e+002 1.02499359e+002
  2.67494263e+002 1.10796341e+002 2.98456909e+002 1.19162605e+002
  3.29487823e+002 1.31494797e+002 3.58989594e+002 1.54814728e+002
  3.78907379e+002 1.84051331e+002 3.91020538e+002 2.14244949e+002
  4.01081665e+002 2.45335983e+002 4.08445313e+002 2.77037201e+002
  4.13012390e+002 3.08339417e+002 4.19169708e+002 3.39647583e+002
  4.24929504e+002 3.70793274e+002 432. 4.02182648e+002 4.32817352e+002
  4.32674255e+002 4.24662872e+002 4.61570984e+002 4.10714508e+002
  4.88989777e+002 3.94340149e+002 4.99909912e+002 3.66180176e+002
  5.15258911e+002 3.38654816e+002 5.29310486e+002 3.10379028e+002 534.
  2.79677704e+002 532. 2.48739838e+002 520. 2.21648453e+002
  4.90906799e+002 213. 4.59554718e+002 210. 4.27552338e+002 209.
  3.95549957e+002 208. 3.63456390e+002 207. 3.31454010e+002 208.
  3.50062561e+002 1.96979141e+002 3.80673584e+002 1.87442139e+002
  4.12341125e+002 1.82808411e+002 4.44365570e+002 181. 4.76467957e+002
  180. 5.08561523e+002 179. 5.40726196e+002 179. 5.59264099e+002
  1.97792267e+002 5.67169312e+002 2.28846466e+002 574. 2.60029907e+002
  579. 2.91022827e+002 581. 3.22862915e+002 581. 3.55027557e+002 580.
  3.87069092e+002 582. 4.18835388e+002 587. 442.</Path2D>
</opencv_storage>
