<?xml version="1.0"?>
<opencv_storage>
<Parameter>
  <Count>64</Count></Parameter>
<Path2D>
  163. 20. 1.68529373e+002 4.31762695e+001 1.71346222e+002
  6.70772934e+001 1.74755951e+002 9.10476532e+001 1.79131546e+002
  1.14815651e+002 1.83263962e+002 1.38639557e+002 1.85816162e+002
  1.62713150e+002 1.89832428e+002 1.86578400e+002 195. 2.10128891e+002
  198. 2.34025284e+002 1.98926987e+002 2.58196899e+002 2.03616226e+002
  2.81929810e+002 207. 3.05717987e+002 207. 3.29931641e+002 208.
  3.54062561e+002 208. 3.78276215e+002 209. 4.02327606e+002 209.
  4.26541260e+002 208. 4.33481140e+002 2.05067810e+002 4.11067810e+002
  197. 3.89083832e+002 192. 3.66540222e+002 1.87607910e+002
  3.43215820e+002 1.80128723e+002 3.21257446e+002 1.76054916e+002
  2.98109833e+002 170. 2.74911682e+002 167. 2.51426666e+002
  1.79787003e+002 240. 2.04000671e+002 240. 2.28170609e+002
  2.39471573e+002 2.52236130e+002 2.37690964e+002 2.76364746e+002 237.
  2.99822906e+002 2.33435425e+002 3.23387909e+002 231. 3.47242401e+002
  229. 3.71456055e+002 229. 3.95310547e+002 231. 409. 2.20475784e+002
  4.07617859e+002 1.96471436e+002 407. 1.72333832e+002 404.
  1.48628433e+002 3.99165100e+002 1.25330208e+002 394. 1.02222893e+002
  390. 7.84926453e+001 3.87488159e+002 5.49762993e+001 3.82035065e+002
  3.20350761e+001 374. 2.72711487e+001 372. 5.12602806e+001 372.
  7.54739456e+001 372. 9.96876144e+001 373. 1.23802261e+002 373.
  1.48015930e+002 373. 1.72229599e+002 372. 1.96360504e+002 372.
  2.20574173e+002 372. 2.44787842e+002 372. 2.69001495e+002 372.
  2.93215149e+002 372. 3.17428802e+002 372. 3.41642456e+002 372.
  3.65856110e+002 365. 3.88709656e+002 362. 4.12436493e+002 364.
  4.35999878e+002</Path2D>
</opencv_storage>
