<?xml version="1.0"?>
<opencv_storage>
<Parameter>
  <Count>64</Count></Parameter>
<Path2D>
  190. 34. 2.08094604e+002 34. 2.26141403e+002 3.32323227e+001
  2.44200089e+002 3.25272636e+001 2.62270782e+002 32. 2.80343689e+002
  3.14351006e+001 2.98421570e+002 31. 3.16464081e+002 3.00595455e+001
  3.34555389e+002 30. 3.52549133e+002 2.81813564e+001 3.70502075e+002
  2.59372406e+001 3.88538330e+002 25. 4.06632935e+002 25.
  4.24491455e+002 26. 4.42560059e+002 2.63657227e+001 4.59975159e+002
  30. 4.57536163e+002 3.36927681e+001 4.40598633e+002 3.98289642e+001
  4.22895081e+002 4.35262299e+001 4.05068359e+002 4.64368477e+001
  3.87067200e+002 48. 3.69295044e+002 5.11409950e+001 3.51721771e+002
  5.46391182e+001 3.34100494e+002 5.76331673e+001 325. 6.69345779e+001
  323. 8.44236298e+001 3.21186066e+002 1.02255753e+002 3.20264008e+002
  1.20208008e+002 319. 1.38097488e+002 319. 1.56192093e+002 318.
  1.74124420e+002 3.17643585e+002 1.91534622e+002 313. 2.08319031e+002
  313. 2.26413635e+002 3.19539154e+002 2.42617477e+002 323.
  2.60115845e+002 323. 2.78210449e+002 324. 2.96068970e+002 322.
  3.13839020e+002 3.20111237e+002 3.31666290e+002 3.16314484e+002
  3.48685516e+002 314. 3.66073364e+002 314. 3.84167969e+002 314.
  4.02262573e+002 313. 4.20121094e+002 3.00897552e+002 4.30350403e+002
  2.83078827e+002 433. 2.67649963e+002 4.40350037e+002 2.52189651e+002
  448. 2.35069885e+002 452. 2.17787842e+002 455. 2.34306763e+002 455.
  2.52318604e+002 454. 2.70413208e+002 454. 2.88507813e+002 454.
  3.06602417e+002 454. 3.24697021e+002 454. 3.42668518e+002 455.
  3.60763123e+002 455. 3.78857727e+002 455. 3.96952332e+002 455.
  4.15046936e+002 455. 4.33141541e+002 455. 449. 452.</Path2D>
</opencv_storage>
