<?xml version="1.0"?>
<opencv_storage>
<Parameter>
  <Count>64</Count></Parameter>
<Path2D>
  180. 24. 179. 5.00366096e+001 182. 7.67103500e+001 1.82340714e+002
  1.03725746e+002 185. 1.30609177e+002 186. 1.57600433e+002 189.
  1.84411346e+002 1.87805283e+002 2.11363052e+002 1.85113098e+002
  2.38208328e+002 185. 2.65236908e+002 1.77385712e+002 2.90842865e+002
  1.73352036e+002 3.16943909e+002 1.68949982e+002 3.43200043e+002 166.
  3.69834320e+002 166. 3.96870941e+002 166. 4.23907562e+002 168.
  4.50293884e+002 166. 4.37141632e+002 165. 4.10228119e+002
  1.65397186e+002 3.83219727e+002 166. 3.56225952e+002 166.
  3.29189331e+002 168. 3.02358582e+002 1.72455734e+002 2.75860657e+002
  1.80253540e+002 2.50239395e+002 1.88185699e+002 2.24442902e+002
  1.99917648e+002 2.00164703e+002 2.14868469e+002 1.77697281e+002
  2.32069916e+002 1.56930084e+002 2.52047256e+002 1.38952744e+002
  2.72742462e+002 1.21628777e+002 2.94185760e+002 1.05604744e+002
  3.17202698e+002 9.19189224e+001 3.39265320e+002 7.70408096e+001
  3.61420898e+002 6.22895546e+001 3.84354218e+002 4.84114418e+001
  4.08217957e+002 37. 4.33624878e+002 30. 4.19772034e+002
  4.01367798e+001 3.95634460e+002 5.22436981e+001 3.72569763e+002
  6.62868347e+001 3.50594604e+002 8.19369278e+001 3.28437256e+002
  9.73751602e+001 3.07115753e+002 1.13884254e+002 2.86769928e+002
  1.31230072e+002 2.67041779e+002 1.49566589e+002 2.45134033e+002
  1.64865967e+002 2.26852859e+002 1.83294281e+002 2.08456223e+002
  2.02543777e+002 1.93792770e+002 223. 2.05355270e+002 2.45355270e+002
  2.23827255e+002 2.64827240e+002 2.42906616e+002 2.83906616e+002
  2.60829102e+002 3.03829102e+002 2.79822449e+002 3.22763275e+002
  3.00625244e+002 3.39718933e+002 3.20701477e+002 3.57701477e+002
  3.43692932e+002 3.71269684e+002 3.67271759e+002 3.84271759e+002
  3.88470459e+002 3.97940918e+002 4.09031189e+002 412. 4.32400177e+002
  4.23700073e+002 4.55926819e+002 4.36963409e+002 479. 446.</Path2D>
</opencv_storage>
