<?xml version="1.0"?>
<opencv_storage>
<Parameter>
  <Count>64</Count></Parameter>
<Path2D>
  161. 18. 160. 2.99180317e+001 158. 4.15262032e+001 156.
  5.32819557e+001 156. 6.53622665e+001 156. 7.74425735e+001 156.
  8.95228806e+001 1.56347778e+002 1.01565010e+002 1.58733871e+002
  1.13403214e+002 1.60479477e+002 1.25356354e+002 1.62716019e+002
  1.37222046e+002 1.64871353e+002 1.49099487e+002 1.67264771e+002
  1.60912430e+002 1.68393967e+002 1.72939743e+002 1.69596008e+002
  1.84960098e+002 170. 1.97020264e+002 1.73081894e+002 2.08655167e+002
  1.74580276e+002 2.20642197e+002 176. 2.32625305e+002 176.
  2.44705612e+002 1.75119019e+002 2.56642944e+002 174. 2.68621185e+002
  174. 2.80701508e+002 1.75657455e+002 2.92629822e+002 178.
  3.04462097e+002 179. 3.16459656e+002 179. 3.28539978e+002 179.
  3.40620300e+002 179. 3.52700623e+002 179. 3.64780945e+002 179.
  3.76861267e+002 179. 3.88941589e+002 178. 4.00785828e+002 178.
  4.12866150e+002 177. 4.24710388e+002 177. 4.36790710e+002
  1.86755447e+002 4.39938873e+002 1.98789749e+002 4.40464966e+002
  2.10583969e+002 4.42645996e+002 2.22521683e+002 444. 2.34519226e+002
  445. 2.46599533e+002 445. 2.58608368e+002 4.45721680e+002
  2.70416077e+002 448. 2.82337524e+002 4.49722931e+002 2.94232635e+002
  451. 3.06312958e+002 451. 3.18393280e+002 451. 3.30390839e+002 452.
  3.42471161e+002 452. 3.54551483e+002 452. 3.66631805e+002 452.
  3.78352936e+002 454. 3.90433258e+002 454. 4.02277496e+002 455.
  4.14133484e+002 4.56626709e+002 4.26176819e+002 457. 4.38141296e+002
  4.57713776e+002 4.50175171e+002 458. 4.62255493e+002 458.
  4.74335815e+002 458. 4.86416138e+002 458. 4.98368347e+002
  4.57210541e+002 510. 456.</Path2D>
</opencv_storage>
