<?xml version="1.0"?>
<opencv_storage>
<Parameter>
  <Count>64</Count></Parameter>
<Path2D>
  173. 462. 1.69773499e+002 4.43546997e+002 1.65306885e+002
  4.22767212e+002 165. 4.01213318e+002 165. 3.79600311e+002
  1.62229279e+002 3.58375641e+002 1.61614716e+002 3.36844147e+002
  1.57826340e+002 3.15652679e+002 1.51200684e+002 2.95204071e+002
  1.47422501e+002 2.74112518e+002 144. 2.52964920e+002 144.
  2.31351913e+002 143. 2.09809967e+002 142. 1.88252350e+002
  1.38398987e+002 1.66994934e+002 1.34623138e+002 1.45869400e+002 132.
  1.24618813e+002 1.28716522e+002 1.03433044e+002 127. 8.22252502e+001
  127. 6.06122437e+001 1.31233475e+002 4.05330582e+001 1.43680099e+002
  4.13601990e+001 1.56346191e+002 5.85192986e+001 1.69553940e+002
  7.55539322e+001 1.84009705e+002 9.15145645e+001 1.99146210e+002
  1.06752937e+002 2.14957458e+002 1.21464546e+002 2.28907684e+002
  1.37861526e+002 2.43126740e+002 1.53835648e+002 2.54344421e+002
  1.72033279e+002 2.65382202e+002 1.90382202e+002 2.77905396e+002
  2.07810791e+002 2.90821411e+002 2.18089294e+002 2.99732422e+002
  1.98535141e+002 3.10627350e+002 1.79902161e+002 3.22670990e+002
  1.61993515e+002 3.32957886e+002 1.43098236e+002 3.43487366e+002
  1.24268951e+002 3.59201874e+002 1.09638504e+002 3.75432404e+002
  9.54234619e+001 3.90055237e+002 7.99171219e+001 4.05254120e+002
  6.47458878e+001 4.17877930e+002 4.81220741e+001 4.33679199e+002
  3.51604004e+001 440. 4.56778488e+001 4.44930725e+002 6.65149918e+001
  448. 8.78146057e+001 4.50221863e+002 1.09218506e+002 4.52039673e+002
  1.30678574e+002 4.54897888e+002 1.52081055e+002 457. 1.73563889e+002
  457. 1.95176895e+002 456. 2.16627625e+002 456. 2.38240631e+002 460.
  2.59210266e+002 462. 2.80577057e+002 465. 3.01766479e+002
  4.69230774e+002 3.22923096e+002 471. 3.44318298e+002 469.
  3.65281036e+002 469. 3.86243774e+002 469. 4.07856781e+002 470.
  4.29387024e+002 469. 450.</Path2D>
</opencv_storage>
