<?xml version="1.0"?>
<opencv_storage>
<Parameter>
  <Count>64</Count></Parameter>
<Path2D>
  151. 22. 1.40619476e+002 4.81415710e+001 1.35709839e+002
  7.68704834e+001 133. 1.06192055e+002 1.34390350e+002 1.35657867e+002
  134. 1.65323624e+002 1.33749237e+002 1.95006073e+002 133.
  2.24657486e+002 132. 2.54305664e+002 132. 2.84003723e+002 132.
  3.13701782e+002 132. 3.43399841e+002 132. 3.73097900e+002 133.
  4.02696930e+002 135. 4.31789429e+002 137. 4.29926727e+002
  1.38916321e+002 4.00418427e+002 143. 3.71275330e+002 1.47714111e+002
  3.42143555e+002 1.53591675e+002 3.13224976e+002 1.58767242e+002
  2.84163788e+002 164. 2.55462479e+002 165. 2.25863434e+002 166.
  1.96264389e+002 166. 1.66566330e+002 164. 1.37129562e+002
  1.63300156e+002 1.07500801e+002 162. 7.79947433e+001 164.
  4.86950302e+001 1.69255997e+002 2.07439976e+001 1.95231674e+002 16.
  2.24929733e+002 16. 2.54582428e+002 17. 2.84218231e+002 18.
  3.13907074e+002 1.81295834e+001 3.43424957e+002 2.05708275e+001
  3.72087860e+002 2.75439281e+001 3.99693451e+002 3.82311516e+001
  4.25633789e+002 5.19070396e+001 4.45912079e+002 7.33681030e+001
  4.65342651e+002 9.56853104e+001 470. 1.23820869e+002 4.58488647e+002
  1.50348480e+002 4.35568634e+002 1.68945099e+002 4.10011169e+002
  1.83325882e+002 3.82182434e+002 1.93204391e+002 3.54343109e+002 202.
  3.25463287e+002 2.07845581e+002 2.97362213e+002 2.15659454e+002
  2.71050598e+002 2.26789886e+002 2.43223923e+002 2.36184052e+002
  2.15618958e+002 2.44690521e+002 190. 2.53640991e+002 2.08369476e+002
  2.75221680e+002 2.32964813e+002 2.91571838e+002 2.58182404e+002
  3.07121613e+002 2.83328156e+002 3.22830109e+002 3.08090118e+002
  3.39045044e+002 3.34437500e+002 3.52718750e+002 3.60391785e+002
  3.66927856e+002 3.85832275e+002 3.82221527e+002 4.12357269e+002
  3.95542908e+002 4.38640625e+002 4.08856262e+002 459. 4.23000031e+002</Path2D>
</opencv_storage>
