<?xml version="1.0"?>
<opencv_storage>
<Parameter>
  <Count>64</Count></Parameter>
<Path2D>
  41. 25. 43. 5.22203674e+001 46. 7.94317627e+001 53. 1.05819305e+002
  5.73471718e+001 1.33083038e+002 6.61878662e+001 1.58939346e+002
  7.19917679e+001 1.85950623e+002 8.04541626e+001 2.12059723e+002
  8.87185974e+001 2.38257538e+002 9.89982910e+001 2.63664398e+002
  1.07866943e+002 2.89467773e+002 1.17161140e+002 3.15322266e+002
  1.26901215e+002 3.40802429e+002 1.34259995e+002 3.66519989e+002 144.
  3.91749207e+002 1.52111893e+002 4.17223785e+002 1.63678192e+002
  4.41678192e+002 172. 4.47720032e+002 172. 4.20027527e+002
  1.77286179e+002 3.93424347e+002 1.85507278e+002 3.67209991e+002
  1.91736542e+002 3.40281403e+002 2.05234161e+002 3.16207306e+002
  2.18855118e+002 2.92434662e+002 2.28064987e+002 2.66402496e+002
  2.33788086e+002 2.39847641e+002 2.39792648e+002 2.13036743e+002
  2.49846512e+002 1.87460449e+002 2.57027405e+002 1.60890350e+002
  2.65037415e+002 1.34813004e+002 2.74466400e+002 1.09134430e+002
  2.79190186e+002 8.24294128e+001 284. 6.00092545e+001 2.90862701e+002
  8.65880966e+001 2.99851501e+002 1.12703026e+002 3.10575653e+002
  1.38151337e+002 3.22960114e+002 1.62920258e+002 3.34050354e+002
  1.88151031e+002 3.43519135e+002 2.14076584e+002 3.52605774e+002
  2.40014435e+002 3.63552307e+002 2.65209259e+002 370. 2.92014587e+002
  3.77501282e+002 3.18253235e+002 3.89512054e+002 3.42512054e+002
  4.02657959e+002 3.66315887e+002 4.15505157e+002 3.89505157e+002
  4.27251831e+002 4.12503693e+002 4.39574799e+002 4.35574799e+002
  4.49359039e+002 4.27563812e+002 4.54259796e+002 4.00441284e+002
  4.58875946e+002 3.73240540e+002 4.65035522e+002 3.46340088e+002
  4.70264191e+002 3.19150604e+002 4.78269501e+002 2.92921967e+002
  4.85615448e+002 2.66230469e+002 4.89872833e+002 2.38890137e+002
  4.92085052e+002 2.11319580e+002 4.97627411e+002 1.84235626e+002
  4.99459564e+002 1.56702225e+002 5.03176331e+002 1.29470978e+002
  5.08464508e+002 1.02803223e+002 5.17506226e+002 7.69750061e+001 523.
  5.06279869e+001 527. 25.</Path2D>
</opencv_storage>
