<?xml version="1.0"?>
<opencv_storage>
<Parameter>
  <Count>64</Count></Parameter>
<Path2D>
  73. 15. 9.10459976e+001 3.20460014e+001 1.10950890e+002
  4.85607147e+001 1.29922318e+002 6.62426987e+001 1.49751022e+002
  8.27865906e+001 1.68827515e+002 1.00370644e+002 1.89019226e+002
  1.16683334e+002 2.08056183e+002 1.34318695e+002 2.27615829e+002
  1.51397842e+002 2.45845535e+002 1.69845535e+002 2.65140869e+002
  1.87140869e+002 2.83984589e+002 2.04984589e+002 3.02826447e+002
  2.22688721e+002 3.22157867e+002 2.39798218e+002 3.41307220e+002
  2.57307220e+002 3.59673615e+002 2.75673615e+002 3.78042297e+002
  2.94037598e+002 3.96554688e+002 3.12193359e+002 4.13112183e+002
  3.32112183e+002 4.30428192e+002 3.51428192e+002 4.45624817e+002
  3.72249664e+002 4.60145203e+002 3.93526917e+002 4.75609314e+002
  4.13609314e+002 4.92620026e+002 4.32240051e+002 507. 4.38706268e+002
  5.00792694e+002 4.14341431e+002 4.96920746e+002 3.88682953e+002
  4.92746155e+002 3.63103821e+002 4.87980682e+002 3.37576538e+002
  4.83192047e+002 3.12112396e+002 479. 2.86546997e+002 478.
  2.60644073e+002 478. 2.34670074e+002 4.77292450e+002 2.08754623e+002
  4.71632416e+002 1.83897232e+002 469. 1.58247986e+002 4.62465027e+002
  1.33395065e+002 460. 1.07821083e+002 458. 8.20932922e+001 458.
  5.61192856e+001 458. 3.01452808e+001 4.42050049e+002 2.99499569e+001
  4.22261719e+002 4.67382851e+001 4.04150452e+002 6.52351379e+001
  3.84840027e+002 8.24799652e+001 3.67441162e+002 1.01643387e+002
  3.49568420e+002 1.20431595e+002 3.29833344e+002 1.37166641e+002
  3.11266724e+002 1.55236313e+002 2.92186279e+002 1.72813705e+002
  2.72752136e+002 1.89970566e+002 2.52011475e+002 2.05545364e+002
  2.33812576e+002 2.24024902e+002 2.17724640e+002 2.44275360e+002
  1.98375427e+002 2.61446136e+002 1.79667435e+002 2.79285065e+002
  1.62567383e+002 2.98648926e+002 1.47543396e+002 3.19820770e+002
  1.31190308e+002 3.39746246e+002 1.16622955e+002 3.60377045e+002
  1.01168137e+002 3.79831848e+002 8.34174500e+001 3.96686920e+002
  6.68514481e+001 4.15148560e+002 53. 4.34999908e+002</Path2D>
</opencv_storage>
