<?xml version="1.0"?>
<opencv_storage>
<Parameter>
  <Count>64</Count></Parameter>
<Path2D>
  92. 25. 1.04736221e+002 3.43681107e+001 1.15361732e+002
  4.70426025e+001 1.25980927e+002 5.99809303e+001 1.35885971e+002
  7.33574600e+001 1.45756454e+002 8.68825302e+001 1.55801483e+002
  1.00282387e+002 1.65534042e+002 1.13917564e+002 1.76503128e+002
  1.26586990e+002 1.88571304e+002 1.38122360e+002 2.01167755e+002
  1.49125824e+002 2.14517761e+002 1.59291595e+002 2.27293411e+002
  1.70058380e+002 2.40196014e+002 1.80647018e+002 2.52186081e+002
  1.92186081e+002 2.63809082e+002 1.98190933e+002 2.78214264e+002
  1.89794647e+002 2.93424591e+002 1.82757370e+002 3.08079376e+002
  1.74613754e+002 3.22794434e+002 1.66602783e+002 3.37531921e+002
  1.58601059e+002 3.51659393e+002 1.49670303e+002 3.65761261e+002
  1.40688187e+002 3.78802551e+002 1.30164551e+002 3.93356873e+002
  1.21821564e+002 4.08144257e+002 1.13913445e+002 4.22627289e+002
  1.05549080e+002 4.35331757e+002 9.48909760e+001 4.48300446e+002
  8.44663696e+001 4.60527710e+002 7.34722900e+001 4.71086487e+002
  6.08270569e+001 482. 5.06206551e+001 4.87510132e+002 4.79797401e+001
  4.79288391e+002 6.24232330e+001 4.69047699e+002 7.56030807e+001
  4.57934723e+002 8.81305618e+001 4.47193420e+002 1.00806572e+002
  4.35863342e+002 1.13136673e+002 4.23893158e+002 1.24885483e+002
  4.10782196e+002 1.35329529e+002 3.97535461e+002 1.45464539e+002
  3.84158356e+002 1.55304977e+002 3.70178925e+002 1.64492645e+002
  3.56427765e+002 1.73943344e+002 3.42843140e+002 1.83694122e+002
  3.28690857e+002 1.92481857e+002 3.15044647e+002 2.01970245e+002
  3.00414337e+002 2.09792831e+002 2.85253235e+002 2.16582260e+002
  2.78181244e+002 2.26543747e+002 2.81929443e+002 2.42717819e+002
  2.84400818e+002 2.59202484e+002 287. 2.75561218e+002 2.88392975e+002
  2.92178955e+002 290. 3.08624908e+002 291. 3.25243164e+002 291.
  3.42023712e+002 291. 3.58804260e+002 291. 3.75584808e+002 292.
  3.92129272e+002 295. 4.08023468e+002 297. 4.24153717e+002 299.
  4.40283966e+002 302. 456.</Path2D>
</opencv_storage>
