<?xml version="1.0"?>
<opencv_storage>
<Parameter>
  <Count>64</Count></Parameter>
<Path2D>
  29. 21. 3.26008110e+001 6.88024292e+001 33. 1.17523926e+002 32.
  1.66074127e+002 32. 2.14860397e+002 32. 2.63646667e+002 32.
  3.12432953e+002 3.37414207e+001 3.60965668e+002 43. 4.08292816e+002
  7.99264374e+001 427. 1.28712708e+002 427. 1.76345627e+002
  4.19551453e+002 2.19841232e+002 4.03158783e+002 234. 3.58775482e+002
  245. 3.12119751e+002 2.18223526e+002 2.77537262e+002 1.70781143e+002
  270. 1.22506264e+002 2.72746857e+002 7.72553329e+001 2.89372345e+002
  4.16879044e+001 3.18624207e+002 31. 3.63969604e+002 5.12845955e+001
  4.03523071e+002 9.61688766e+001 4.21028137e+002 1.44569824e+002 425.
  1.93356094e+002 425. 2.35501099e+002 4.04874176e+002 2.68220428e+002
  3.69779572e+002 2.87188690e+002 3.25433960e+002 303. 2.80193268e+002
  312. 2.32919540e+002 319. 1.85264648e+002 323. 1.37098846e+002
  3.26951141e+002 8.90977249e+001 332. 4.15338860e+001 319.
  1.91168270e+001 318. 6.77408218e+001 3.28319000e+002 1.12637993e+002
  3.33949524e+002 1.60323303e+002 3.52595184e+002 2.05190338e+002 354.
  2.52926636e+002 350. 3.00842438e+002 3.53855743e+002 3.49278748e+002
  3.68640717e+002 3.95281403e+002 4.06640564e+002 417. 4.52986115e+002
  4.04671295e+002 4.96678741e+002 3.84321259e+002 520. 3.45047699e+002
  4.97358887e+002 3.06679443e+002 4.52140594e+002 2.88942169e+002
  4.04677521e+002 2.88322479e+002 3.74708313e+002 3.25729218e+002 361.
  3.71911774e+002 3.92936096e+002 4.04027618e+002 4.39792023e+002
  4.17241150e+002 4.88037476e+002 4.17981262e+002 5.27435486e+002
  3.89868683e+002 5.51008728e+002 3.47310089e+002 5.74207092e+002
  3.04620117e+002 5.87386292e+002 2.57841125e+002 595. 2.09894974e+002
  595. 1.61108704e+002 596. 1.12367790e+002 5.88402954e+002
  6.44178238e+001 586. 16.</Path2D>
</opencv_storage>
