<?xml version="1.0"?>
<opencv_storage>
<Parameter>
  <Count>64</Count></Parameter>
<Path2D>
  49. 413. 51. 3.99288788e+002 5.42162399e+001 3.85959412e+002
  5.88192749e+001 3.72722900e+002 6.26833878e+001 3.59779938e+002
  7.04396591e+001 3.48120697e+002 7.76447449e+001 3.36140350e+002
  8.48871536e+001 3.24169281e+002 9.24952393e+001 3.12380951e+002
  1.01384277e+002 3.01519653e+002 1.10304367e+002 2.90695648e+002
  1.17979660e+002 2.79040680e+002 1.26094421e+002 2.67716736e+002
  1.30974762e+002 2.54563095e+002 1.36603592e+002 2.41723770e+002
  1.43778915e+002 2.29776352e+002 1.52042236e+002 2.18447189e+002
  1.61357742e+002 2.07970703e+002 1.70779053e+002 1.97617966e+002
  1.80581772e+002 1.87620834e+002 1.90882675e+002 1.78117325e+002
  2.00545746e+002 1.67947708e+002 2.10673981e+002 1.58279434e+002
  2.21509460e+002 1.49367905e+002 2.33008011e+002 1.41327988e+002
  2.44577377e+002 1.33389145e+002 2.55801590e+002 1.25027214e+002
  2.66781494e+002 1.16298927e+002 2.77708557e+002 1.07505013e+002
  2.88015472e+002 9.79889374e+001 2.99257660e+002 8.95938797e+001
  3.08167511e+002 7.88324890e+001 3.17686554e+002 6.86567154e+001
  3.28116333e+002 6.07673187e+001 3.37905121e+002 6.35085564e+001
  3.44972351e+002 7.54585495e+001 3.51842926e+002 8.76858368e+001
  3.57291473e+002 1.00582947e+002 3.63568451e+002 1.13136909e+002
  3.70616394e+002 1.25254349e+002 3.77291473e+002 1.37582916e+002
  3.84484375e+002 1.49618286e+002 3.91700653e+002 1.61634888e+002
  3.98312286e+002 1.73936905e+002 4.04665314e+002 1.86330612e+002
  4.12211884e+002 1.98054245e+002 4.18220764e+002 2.10662292e+002
  4.24083923e+002 2.23351059e+002 4.30767120e+002 2.35687637e+002
  4.36336548e+002 2.48564148e+002 4.41207214e+002 2.61725220e+002
  4.47094482e+002 2.74283447e+002 4.53411011e+002 2.86685028e+002
  4.58956055e+002 2.99434082e+002 4.65946991e+002 3.11542999e+002
  4.71304718e+002 3.24507874e+002 4.78326477e+002 3.36652985e+002
  4.84748505e+002 3.49122772e+002 4.90504486e+002 3.61761200e+002 496.
  3.74254364e+002 500. 3.86989563e+002 5.06086304e+002 3.99172607e+002
  5.11856415e+002 4.11712799e+002 5.19999939e+002 4.20999908e+002</Path2D>
</opencv_storage>
