<?xml version="1.0"?>
<opencv_storage>
<Parameter>
  <Count>64</Count></Parameter>
<Path2D>
  461. 439. 4.38736420e+002 438. 4.16058624e+002 438. 3.93380829e+002
  438. 3.70703033e+002 438. 3.48025238e+002 438. 3.25347443e+002 438.
  3.02669647e+002 438. 2.79991852e+002 438. 2.57314056e+002 438.
  2.34636276e+002 438. 2.11958496e+002 438. 1.89280716e+002 438.
  1.66726044e+002 437. 1.44048264e+002 437. 1.21976028e+002 435.
  9.97124557e+001 434. 7.70346680e+001 434. 5.43568840e+001 434.
  6.33783417e+001 4.18621674e+002 7.91946793e+001 4.04207977e+002
  9.20546036e+001 3.85945404e+002 1.04407181e+002 3.67389221e+002
  1.14299942e+002 3.47600067e+002 1.24772369e+002 3.28303497e+002
  1.36216446e+002 3.09044739e+002 1.42976242e+002 2.88071259e+002
  1.52796051e+002 2.68605255e+002 1.67063309e+002 2.51405045e+002
  1.76971649e+002 2.32056702e+002 1.89628723e+002 2.14371277e+002
  2.01585831e+002 1.95414169e+002 2.16286453e+002 179. 2.27866837e+002
  1.63066589e+002 2.41254517e+002 1.47372742e+002 2.54167313e+002
  1.30832687e+002 2.65747864e+002 1.12378212e+002 275. 9.28807907e+001
  2.85714996e+002 7.42850113e+001 2.96449036e+002 5.77754898e+001 310.
  4.19530678e+001 323. 2.74108467e+001 3.41078918e+002 2.80789204e+001
  3.54294769e+002 4.54421616e+001 3.63941467e+002 6.48829193e+001 374.
  8.41259384e+001 3.82411621e+002 1.04646500e+002 3.92518188e+002
  1.24777298e+002 4.02335876e+002 1.44343491e+002 4.12610992e+002
  1.64027451e+002 4.22195099e+002 1.84292633e+002 4.33307281e+002
  2.03921890e+002 4.42006439e+002 2.24019287e+002 451. 2.44429291e+002
  4.61531250e+002 2.63531250e+002 4.72122406e+002 2.83122406e+002
  4.83676544e+002 3.02353088e+002 4.94458740e+002 3.21950500e+002
  5.05453094e+002 3.41359283e+002 5.15610962e+002 3.60610992e+002
  5.24387024e+002 3.80774048e+002 5.34017639e+002 4.00017639e+002
  5.43405701e+002 4.17405701e+002 554. 436.</Path2D>
</opencv_storage>
