<?xml version="1.0"?>
<opencv_storage>
<Parameter>
  <Count>64</Count></Parameter>
<Path2D>
  303. 422. 2.84534119e+002 422. 2.66068237e+002 422. 2.47602356e+002
  422. 2.29136475e+002 422. 2.10670593e+002 422. 1.92204712e+002 422.
  1.73738831e+002 422. 1.55272949e+002 422. 1.36807068e+002 422.
  1.18341179e+002 422. 9.98752899e+001 422. 8.14094009e+001 422.
  6.29435158e+001 422. 7.24295273e+001 4.12856384e+002 8.71585388e+001
  4.01775909e+002 1.01588974e+002 3.90411041e+002 1.14926483e+002
  3.77702911e+002 1.25238022e+002 3.62404938e+002 1.31395462e+002
  3.45015137e+002 1.37536163e+002 3.27623444e+002 1.42693024e+002
  3.10178284e+002 1.49918961e+002 2.93243103e+002 1.57315170e+002
  2.76369659e+002 1.66137085e+002 2.60441559e+002 1.74880829e+002
  2.44238327e+002 1.86279190e+002 2.29953293e+002 1.97327209e+002
  2.15207336e+002 2.07397141e+002 1.99803818e+002 2.16658951e+002
  1.83901749e+002 2.26636307e+002 1.68376709e+002 2.36529053e+002
  1.52838684e+002 2.47567230e+002 1.38046814e+002 2.58992889e+002
  1.23609940e+002 2.71105377e+002 1.09868286e+002 2.81752289e+002
  9.48715897e+001 2.93367798e+002 8.06322098e+001 3.05843903e+002 69.
  3.16280792e+002 5.57192078e+001 3.25534485e+002 6.84525833e+001
  3.34393707e+002 8.46186981e+001 3.44848633e+002 9.98107986e+001
  3.55870514e+002 1.14618706e+002 3.66736053e+002 1.29549149e+002
  3.77525024e+002 1.44535019e+002 3.88875519e+002 1.59094406e+002
  3.99919312e+002 1.73889053e+002 4.10997223e+002 1.88662964e+002
  4.21631073e+002 2.03758667e+002 4.32380127e+002 2.18772659e+002
  4.43132294e+002 2.33785217e+002 4.53865387e+002 2.48811523e+002
  4.64515411e+002 2.63896820e+002 4.74907776e+002 2.79155334e+002
  4.86238434e+002 2.93733826e+002 4.97398468e+002 3.08398468e+002
  5.10455811e+002 3.21455811e+002 5.22875854e+002 3.35110321e+002
  5.34548706e+002 3.49398254e+002 5.43177490e+002 3.64943756e+002
  5.49102783e+002 3.82411041e+002 554. 4.00051697e+002 5.62388489e+002
  4.16235596e+002 567. 433.</Path2D>
</opencv_storage>
