<?xml version="1.0"?>
<opencv_storage>
<Parameter>
  <Count>64</Count></Parameter>
<Path2D>
  306. 239. 305. 2.59751068e+002 305. 2.80916351e+002 305.
  3.02081635e+002 305. 3.23246918e+002 309. 3.43289795e+002 309.
  3.64455078e+002 3.02379639e+002 379. 2.81214355e+002 379.
  2.60049072e+002 379. 2.38883789e+002 379. 2.17718506e+002 379.
  1.96874939e+002 3.82093750e+002 1.75912720e+002 3.84834045e+002
  1.54876404e+002 3.87140442e+002 1.33764633e+002 388. 1.13245811e+002
  392. 9.28048172e+001 3.94731720e+002 7.16830673e+001 395.
  5.06005440e+001 396. 4.19255409e+001 3.96074463e+002 5.78572197e+001
  3.82285675e+002 7.21522369e+001 3.66847748e+002 8.51138458e+001
  3.50200500e+002 9.82428436e+001 3.33708588e+002 1.11897171e+002
  3.17564514e+002 1.24977577e+002 3.01022430e+002 1.38351669e+002
  2.84707672e+002 1.51066498e+002 2.67920197e+002 1.62349396e+002
  2.50259033e+002 1.72604416e+002 2.31923035e+002 1.83952530e+002
  2.14075958e+002 1.96336502e+002 1.96912323e+002 2.08193741e+002
  1.79451248e+002 2.22269516e+002 1.63730484e+002 2.34542786e+002
  1.46821518e+002 244. 1.28312103e+002 2.53138763e+002 1.09583717e+002
  2.63405914e+002 9.15940857e+001 2.74975708e+002 7.45364227e+001
  2.85942719e+002 5.65859375e+001 2.95931824e+002 3.86022415e+001 307.
  4.37583923e+001 3.12288025e+002 6.38640709e+001 3.20630096e+002
  8.32601776e+001 3.28031891e+002 1.03037186e+002 3.39575867e+002
  1.20575859e+002 3.53093719e+002 1.36749969e+002 3.66399170e+002
  1.53078995e+002 3.80076599e+002 1.69230392e+002 3.95957001e+002
  1.82957001e+002 4.11459869e+002 1.97344894e+002 4.28321198e+002
  2.10132462e+002 4.43677368e+002 2.24677368e+002 4.55800385e+002
  2.41600769e+002 4.65817719e+002 2.60181000e+002 4.76846405e+002
  2.78184967e+002 4.89431519e+002 2.95084167e+002 5.04711426e+002
  3.09711426e+002 5.20621582e+002 3.23432343e+002 5.28795166e+002
  3.40795197e+002 5.38273376e+002 3.59410034e+002 5.51578735e+002
  3.75578735e+002 568. 388.</Path2D>
</opencv_storage>
