<?xml version="1.0"?>
<opencv_storage>
<Parameter>
  <Count>64</Count></Parameter>
<Path2D>
  93. 60. 1.09473152e+002 60. 1.25946304e+002 60. 1.42419464e+002 60.
  1.58892624e+002 60. 1.75365784e+002 60. 1.91838943e+002 60.
  2.08312103e+002 60. 2.24785263e+002 60. 2.41258423e+002 60.
  2.57588013e+002 6.10251427e+001 2.73205750e+002 6.60411530e+001
  2.89395782e+002 6.90791550e+001 3.05519684e+002 7.24488220e+001
  3.21312775e+002 7.70781937e+001 3.36856812e+002 8.24126282e+001
  3.52769592e+002 8.66308746e+001 3.68521606e+002 9.12608109e+001
  3.83695770e+002 9.75652618e+001 3.98557861e+002 1.04604492e+002
  4.13409149e+002 1.11704582e+002 4.27296326e+002 1.20530884e+002
  4.39141052e+002 1.31950867e+002 4.51175873e+002 1.43175873e+002 459.
  1.57120743e+002 4.57694794e+002 1.73305206e+002 4.48199768e+002
  1.86700333e+002 4.37729492e+002 1.99270508e+002 4.24739563e+002
  2.09260452e+002 4.11535614e+002 2.18771500e+002 3.96887421e+002
  2.26191116e+002 3.81701355e+002 2.32486984e+002 3.65985016e+002
  2.37338333e+002 3.49963287e+002 241. 3.33490143e+002 241.
  3.17016998e+002 241. 3.00543854e+002 241. 2.85043427e+002
  2.38043427e+002 2.75509430e+002 2.25264130e+002 274. 2.09248001e+002
  2.82238831e+002 1.96070877e+002 2.96666351e+002 1.89111221e+002
  3.12885376e+002 188. 3.29358521e+002 188. 3.45831665e+002 188.
  3.62221222e+002 1.88844238e+002 3.78409119e+002 1.91481827e+002
  3.92026550e+002 1.99513275e+002 4.05153473e+002 2.09204651e+002
  4.16765930e+002 2.20765930e+002 4.29381287e+002 2.31285965e+002 438.
  2.44636002e+002 4.42255707e+002 2.59767090e+002 4.46548676e+002
  2.75646027e+002 4.52907440e+002 2.90543274e+002 4.59307312e+002
  3.05229248e+002 4.62880493e+002 3.21282959e+002 464. 3.37623108e+002
  4.65539795e+002 3.53809723e+002 468. 3.69678467e+002 4.68421967e+002
  3.86109833e+002 4.69235107e+002 4.02470245e+002 471. 4.18526764e+002
  471. 4.34999908e+002</Path2D>
</opencv_storage>
