<?xml version="1.0"?>
<opencv_storage>
<Parameter>
  <Count>64</Count></Parameter>
<Path2D>
  180. 26. 2.00212784e+002 3.56322250e+001 2.22723541e+002
  4.34700546e+001 2.46034744e+002 4.91672096e+001 2.69090118e+002
  5.56531639e+001 2.91921875e+002 6.31863899e+001 3.15541107e+002
  6.67588120e+001 3.39182220e+002 7.10844421e+001 3.62802094e+002
  7.49460297e+001 3.86530731e+002 7.78659210e+001 4.09333405e+002
  8.54545593e+001 4.33059021e+002 8.90168610e+001 4.56610687e+002 93.
  4.49053101e+002 1.00315628e+002 4.25381317e+002 1.04238060e+002
  4.01609711e+002 1.07731712e+002 3.77817322e+002 1.11181892e+002
  3.53971405e+002 1.14171432e+002 3.30273529e+002 1.18246635e+002
  3.06380676e+002 1.20829948e+002 2.82567261e+002 1.24124367e+002
  2.58749207e+002 1.27433441e+002 2.35170197e+002 1.31957458e+002
  2.11687744e+002 1.36593674e+002 1.88706711e+002 1.42823318e+002
  1.89078491e+002 1.47359497e+002 2.12814743e+002 1.49983154e+002
  2.36355972e+002 1.54851379e+002 2.60255676e+002 1.57270111e+002
  2.83992523e+002 1.61110275e+002 3.07874084e+002 1.63916550e+002
  3.31633606e+002 1.67605606e+002 3.55399323e+002 1.71253250e+002
  3.79222351e+002 1.74474762e+002 4.02908539e+002 1.78113571e+002
  4.25947235e+002 1.84578903e+002 4.49005463e+002 191. 4.63859619e+002
  2.00285095e+002 4.40702972e+002 2.06530090e+002 4.17496887e+002
  2.12782227e+002 3.94601868e+002 2.20132706e+002 3.72138672e+002
  2.28692215e+002 3.50001282e+002 2.38082809e+002 3.28157074e+002
  2.48093430e+002 3.06265411e+002 2.57963654e+002 2.85356262e+002
  2.69821869e+002 2.64091003e+002 2.80954498e+002 2.41349152e+002
  2.88550293e+002 2.18273407e+002 2.94768463e+002 1.95099274e+002
  3.00870209e+002 1.71929993e+002 3.06213989e+002 1.71756622e+002
  3.12585541e+002 1.95366837e+002 3.16295868e+002 2.19070923e+002
  3.20188263e+002 2.42800934e+002 3.23877136e+002 2.66573883e+002
  3.26971588e+002 2.90276794e+002 3.30970245e+002 3.14237122e+002
  3.32773193e+002 3.38183105e+002 3.34918304e+002 3.62083557e+002
  3.37397461e+002 3.86017212e+002 3.39637939e+002 4.09192963e+002
  3.45243652e+002 4.32431641e+002 3.50686340e+002 456. 354.</Path2D>
</opencv_storage>
