<?xml version="1.0"?>
<opencv_storage>
<Parameter>
  <Count>64</Count></Parameter>
<Path2D>
  238. 105. 233. 1.27079155e+002 233. 1.52734802e+002 233.
  1.78390457e+002 233. 2.04046112e+002 233. 2.29701767e+002
  2.39943207e+002 249. 2.64993317e+002 251. 2.89998688e+002 253.
  3.15240112e+002 254. 3.40772644e+002 255. 3.66428284e+002 255.
  3.91798553e+002 257. 394. 2.34122284e+002 394. 2.08466629e+002 394.
  1.82810974e+002 394. 1.57155319e+002 392. 1.32328094e+002 392.
  1.06672447e+002 392. 1.12983200e+002 392. 1.38638855e+002 393.
  1.64058441e+002 392. 1.89478027e+002 3.91045776e+002 2.14908417e+002
  390. 2.40139053e+002 3.74269806e+002 252. 3.48850220e+002 253.
  3.23680176e+002 2.54439941e+002 2.98662842e+002 258. 2.73243256e+002
  259. 2.47587601e+002 259. 2.21931946e+002 259. 1.96276291e+002 259.
  1.70620636e+002 259. 1.44964981e+002 259. 1.19309334e+002 259.
  9.36536865e+001 259. 6.79980392e+001 259. 4.23423920e+001 259.
  1.66867447e+001 259. 3.69689026e+001 259. 6.26245499e+001 259.
  8.82801971e+001 259. 1.13935844e+002 259. 1.39591492e+002 259.
  1.65037888e+002 2.57320709e+002 1.90641495e+002 257. 2.16297150e+002
  257. 2.41952805e+002 257. 2.67608459e+002 257. 2.93264099e+002 257.
  3.18757477e+002 256. 3.44413116e+002 256. 3.70068756e+002 256.
  3.95724396e+002 256. 4.21380035e+002 256. 4.47033844e+002
  2.55988708e+002 4.71130707e+002 252. 4.96786346e+002 252.
  5.22442017e+002 252. 5.48097656e+002 252. 5.73753296e+002 252.
  5.98758667e+002 250. 624. 249.</Path2D>
</opencv_storage>
