<?xml version="1.0"?>
<opencv_storage>
<Parameter>
  <Count>64</Count></Parameter>
<Path2D>
  109. 87. 1.27640953e+002 7.74530182e+001 1.49138229e+002
  7.32154465e+001 1.71162506e+002 70. 1.93132568e+002 6.62891464e+001
  2.15023865e+002 62. 2.37197617e+002 5.99341316e+001 2.59555023e+002
  59. 2.81809570e+002 6.11156540e+001 3.04103394e+002 6.38206749e+001
  3.26152222e+002 6.78788910e+001 3.48138367e+002 7.26276779e+001
  3.69384857e+002 78. 3.87607208e+002 9.06072235e+001 4.05169037e+002
  1.04446014e+002 4.22434540e+002 1.18825912e+002 4.37567749e+002
  1.35090347e+002 4.50163300e+002 1.53326569e+002 453. 1.75239700e+002
  453. 1.97748688e+002 4.50970856e+002 2.20087418e+002 4.45318390e+002
  2.41522400e+002 440. 2.63142517e+002 4.33888519e+002 2.84222961e+002
  4.24773682e+002 3.04710510e+002 4.09432465e+002 3.20567535e+002
  3.92480011e+002 3.35112000e+002 3.73291626e+002 3.46854187e+002
  3.55127380e+002 3.59872620e+002 3.35925415e+002 3.71459686e+002
  3.17706665e+002 3.84440002e+002 3.00213593e+002 3.97314575e+002
  2.80616852e+002 4.07794373e+002 2.59878143e+002 4.16020294e+002
  2.37980927e+002 4.21003174e+002 2.15677536e+002 423. 1.93168549e+002
  423. 1.71513657e+002 4.18756836e+002 1.51684662e+002 4.08789764e+002
  1.34009628e+002 3.95009613e+002 125. 3.74729950e+002 122.
  3.52781586e+002 1.26356560e+002 3.31286865e+002 1.38296112e+002
  3.12703888e+002 1.52891037e+002 2.95811951e+002 1.68300171e+002
  2.79699829e+002 1.85561859e+002 269. 2.07337799e+002 266.
  2.29610718e+002 265. 2.52119705e+002 265. 2.73646179e+002
  2.70323090e+002 2.95590454e+002 2.74931732e+002 3.17816864e+002 278.
  3.39164001e+002 2.82054657e+002 3.60807098e+002 2.86935699e+002
  3.79964569e+002 2.96964569e+002 3.97383606e+002 3.07767212e+002
  4.14539642e+002 3.19269836e+002 4.30669586e+002 333. 4.44793762e+002
  348. 457. 3.64160614e+002 4.71240051e+002 379. 4.81898254e+002
  3.93898254e+002 495. 408.</Path2D>
</opencv_storage>
