<?xml version="1.0"?>
<opencv_storage>
<Parameter>
  <Count>64</Count></Parameter>
<Path2D>
  135. 233. 1.52772018e+002 2.31409332e+002 1.70987671e+002 231.
  1.89219879e+002 230. 2.07496124e+002 2.29923676e+002 2.25614502e+002
  2.27568115e+002 2.43765472e+002 2.25462082e+002 2.61687408e+002
  2.21885437e+002 2.79785461e+002 2.19383133e+002 2.97855591e+002
  2.16714447e+002 3.16019287e+002 215. 3.34202362e+002 214.
  3.52484436e+002 214. 3.70766510e+002 214. 3.89048584e+002 214.
  4.07247894e+002 213. 4.25487274e+002 2.12314087e+002 4.43749786e+002
  212. 4.61949097e+002 211. 4.80160095e+002 210. 4.98346100e+002
  2.08456741e+002 5.16581848e+002 2.07854538e+002 5.32608398e+002
  2.02783234e+002 535. 1.84918152e+002 5.33134033e+002 1.67201050e+002
  5.29338196e+002 1.49676407e+002 5.22050293e+002 1.33100601e+002
  5.11707428e+002 1.18276588e+002 5.00215485e+002 1.04215500e+002
  4.90353333e+002 8.95300064e+001 4.79930267e+002 7.48605423e+001
  4.68284088e+002 6.15681953e+001 4.57689941e+002 4.74599648e+001
  4.44992981e+002 3.49953270e+001 4.29501953e+002 26. 4.11634094e+002
  25. 3.93514282e+002 24. 3.75646423e+002 23. 3.57642609e+002
  2.41787014e+001 3.44208954e+002 3.57910309e+001 3.33625000e+002
  5.03750000e+001 3.23353851e+002 6.53076935e+001 3.17254547e+002
  8.22363739e+001 3.10941498e+002 9.93510590e+001 307. 1.17131645e+002
  304. 1.35068497e+002 304. 1.53350571e+002 304. 1.71632645e+002 304.
  1.89914719e+002 304. 2.08196793e+002 304. 2.26478867e+002 304.
  2.44760941e+002 305. 2.62806946e+002 305. 2.81089020e+002 307.
  2.99046539e+002 307. 3.17328613e+002 309. 3.35212341e+002 311.
  3.53022278e+002 311. 3.71304352e+002 310. 3.89350372e+002 310.
  4.07632446e+002 311. 4.25500305e+002 314. 4.42717896e+002 314.
  4.60999969e+002</Path2D>
</opencv_storage>
