<?xml version="1.0"?>
<opencv_storage>
<Parameter>
  <Count>64</Count></Parameter>
<Path2D>
  192. 27. 192. 4.36060638e+001 193. 5.97979126e+001 194.
  7.62808685e+001 194. 9.28869324e+001 191. 1.08897751e+002 191.
  1.25503815e+002 189. 1.41785324e+002 189. 1.58391388e+002 189.
  1.74997452e+002 189. 1.91603516e+002 192. 2.07378632e+002
  1.94345673e+002 2.23728348e+002 196. 2.40107346e+002 1.99701279e+002
  2.56207703e+002 200. 2.72789032e+002 202. 2.88996765e+002
  2.04561111e+002 3.04683350e+002 206. 3.21055908e+002 205.
  3.37538879e+002 204. 3.53730743e+002 2.02312347e+002 3.70062927e+002
  200. 3.86356995e+002 197. 4.02224304e+002 1.94998627e+002
  4.18001373e+002 193. 4.33779572e+002 189. 4.48321136e+002 188.
  4.37308868e+002 188. 4.20702820e+002 188. 4.04096771e+002
  1.90243057e+002 3.87892365e+002 191. 3.71432068e+002 191.
  3.54826019e+002 191. 3.38219971e+002 1.93605240e+002 3.22184265e+002
  1.98957611e+002 3.06563568e+002 2.04954117e+002 2.91137665e+002
  2.11763794e+002 2.76060333e+002 2.19243790e+002 2.61593689e+002
  2.26859665e+002 2.46900558e+002 2.36489822e+002 2.33387726e+002
  2.46606735e+002 2.20393265e+002 2.58764801e+002 2.10078400e+002
  2.72241913e+002 2.02758087e+002 2.88297913e+002 201. 3.04823639e+002
  2.00029388e+002 3.21427277e+002 200. 3.38033325e+002 200. 351.
  2.04810959e+002 3.59496552e+002 2.16496567e+002 3.63450684e+002
  2.31901352e+002 366. 2.47801254e+002 3.68038574e+002 2.64115692e+002
  370. 2.80466705e+002 370. 2.97072754e+002 368. 3.12850403e+002 366.
  3.28879974e+002 3.64441010e+002 3.45118011e+002 363. 3.61383881e+002
  363. 3.77989929e+002 363. 3.94595978e+002 363. 4.11202026e+002 363.
  4.27808075e+002 3.65999939e+002 442.</Path2D>
</opencv_storage>
