<?xml version="1.0"?>
<opencv_storage>
<Parameter>
  <Count>64</Count></Parameter>
<Path2D>
  199. 107. 2.04619843e+002 9.77603302e+001 2.10854675e+002
  8.91453247e+001 2.18348587e+002 8.23028336e+001 224. 7.37011337e+001
  2.29200699e+002 6.47992935e+001 2.35604294e+002 5.63957062e+001
  2.40804871e+002 4.72926826e+001 2.48159500e+002 4.08404999e+001 255.
  3.39676018e+001 2.61298584e+002 3.05971680e+001 2.67765594e+002
  3.87655907e+001 2.75164490e+002 4.61645012e+001 2.82856323e+002
  5.38563309e+001 2.91129852e+002 6.08473854e+001 3.00031860e+002
  6.70318527e+001 3.07670959e+002 7.45032120e+001 3.15168213e+002
  8.21682129e+001 3.23087891e+002 8.95439453e+001 3.30673553e+002
  9.64490280e+001 3.39870392e+002 1.01935188e+002 3.48612122e+002
  1.07306053e+002 3.57824005e+002 1.12412010e+002 3.49436890e+002 113.
  3.38795074e+002 114. 3.27917175e+002 114. 3.17039276e+002 114.
  3.06161377e+002 114. 2.95306824e+002 1.13717804e+002 2.84650604e+002
  112. 2.73871735e+002 111. 2.63116943e+002 110. 2.52401321e+002 109.
  251. 1.18476578e+002 2.49602997e+002 1.29191025e+002 249.
  1.39971069e+002 249. 1.50848969e+002 249. 1.61726868e+002 249.
  1.72604767e+002 249. 1.83482666e+002 249. 1.94360565e+002
  2.50019318e+002 2.05154495e+002 251. 2.15971344e+002 251.
  2.26849243e+002 249. 2.37441757e+002 2.47634003e+002 2.48097992e+002
  247. 2.58873016e+002 246. 2.69668152e+002 246. 2.80546051e+002 246.
  2.91423950e+002 246. 3.02301849e+002 245. 3.13096985e+002 245.
  3.23974884e+002 244. 3.34690491e+002 244. 3.45568390e+002 244.
  3.56446289e+002 244. 3.67324188e+002 2.44090378e+002 3.78180756e+002
  247. 3.88267426e+002 247. 3.99145325e+002 248. 4.09609009e+002 249.
  4.20072693e+002 2.50379272e+002 4.30379272e+002 251. 441.</Path2D>
</opencv_storage>
