<?xml version="1.0"?>
<opencv_storage>
<Parameter>
  <Count>64</Count></Parameter>
<Path2D>
  201. 128. 2.08138275e+002 1.17723465e+002 2.16695755e+002
  1.06304245e+002 2.27457642e+002 9.62711792e+001 2.38101181e+002
  8.69494095e+001 2.47202118e+002 7.56968155e+001 2.53767944e+002
  6.28480797e+001 2.58751495e+002 4.94969864e+001 2.66947052e+002
  3.90529633e+001 2.73872772e+002 2.81272259e+001 2.80057800e+002
  2.91156082e+001 2.87058685e+002 4.21173935e+001 2.95689331e+002
  5.36893311e+001 3.07378265e+002 6.26269608e+001 3.19213013e+002
  7.14753342e+001 3.31089020e+002 8.02712097e+001 3.43063385e+002
  8.85475464e+001 3.55266754e+002 9.66333771e+001 3.67242584e+002
  1.04863899e+002 3.78328827e+002 1.14328835e+002 3.90720856e+002
  1.21360435e+002 4.04126495e+002 1.26750992e+002 4.06292206e+002 130.
  3.91504333e+002 130. 3.76716461e+002 130. 3.61928589e+002 130.
  3.47140717e+002 130. 3.32352844e+002 130. 3.17564972e+002 130.
  3.02839844e+002 1.30386719e+002 2.89173309e+002 1.32653366e+002
  2.87315582e+002 1.47053207e+002 2.83587952e+002 1.61236191e+002 283.
  1.75928665e+002 283. 1.90716553e+002 2.84424438e+002 2.05273285e+002
  2.86360229e+002 2.19720459e+002 289. 2.34032761e+002 2.91893585e+002
  2.48361526e+002 293. 2.62904541e+002 294. 2.77593414e+002 294.
  2.92381287e+002 295. 3.07046082e+002 2.94627045e+002 3.21745911e+002
  293. 3.36286743e+002 293. 3.51074615e+002 293. 3.65862488e+002
  2.91891876e+002 3.80540649e+002 290. 3.95169159e+002 2.89124786e+002
  4.09750427e+002 2.86038635e+002 4.23922729e+002 2.79957397e+002
  4.34028412e+002 2.68205078e+002 4.41897461e+002 2.54490021e+002 446.
  2.39920685e+002 4.47679901e+002 2.25282394e+002 449. 2.10730576e+002
  448. 1.98923538e+002 4.42847076e+002 1.87230392e+002 4.36230408e+002
  1.75371185e+002 4.29185608e+002 166. 4.19756104e+002 159.
  4.09446930e+002 1.54956024e+002 3.96912048e+002 152. 3.83000122e+002</Path2D>
</opencv_storage>
