<?xml version="1.0"?>
<opencv_storage>
<Parameter>
  <Count>64</Count></Parameter>
<Path2D>
  238. 28. 2.34507126e+002 4.79714775e+001 234. 6.95914841e+001
  2.37476273e+002 9.04288025e+001 239. 1.11943489e+002 240.
  1.33554855e+002 242. 1.54975998e+002 243. 1.76496155e+002 243.
  1.98178589e+002 243. 2.19861023e+002 243. 2.41543457e+002 240.
  2.62670990e+002 240. 2.84353424e+002 2.39165985e+002 3.05919037e+002
  235. 3.27149536e+002 233. 3.48637787e+002 2.31901077e+002
  3.70197845e+002 228. 3.91180725e+002 224. 4.11607330e+002 220.
  4.30010803e+002 217. 4.08962769e+002 2.15823746e+002 3.87471222e+002
  213. 3.66207855e+002 212. 3.44687683e+002 2.14393494e+002
  3.23409760e+002 2.23145706e+002 3.03708588e+002 2.35464752e+002
  2.86070496e+002 2.45856552e+002 2.67286896e+002 2.57070282e+002
  2.48912155e+002 2.70974762e+002 2.32635345e+002 2.83532013e+002
  2.15290649e+002 2.97338196e+002 1.98661804e+002 3.14154968e+002
  1.85845032e+002 3.30585876e+002 1.71810593e+002 3.47752899e+002
  1.59623550e+002 3.65349579e+002 1.47325211e+002 3.83439636e+002
  1.35560379e+002 4.02312958e+002 1.25343513e+002 4.20509705e+002
  1.15490303e+002 4.38584137e+002 109. 4.19257629e+002 1.14914124e+002
  3.98887390e+002 1.22317894e+002 3.78739532e+002 1.29753494e+002
  3.59451935e+002 1.38548065e+002 3.42137939e+002 1.49620682e+002
  3.24433167e+002 1.61641708e+002 3.05837128e+002 1.72162857e+002
  2.89922394e+002 1.86232834e+002 2.79768250e+002 2.04695221e+002 278.
  2.26016922e+002 2.79486053e+002 2.47458206e+002 2.85629242e+002
  2.67516937e+002 2.96496552e+002 2.85993073e+002 3.12612091e+002
  2.99806030e+002 3.30317291e+002 3.11590393e+002 3.47098114e+002
  3.24049042e+002 3.64493134e+002 3.36493134e+002 3.82732574e+002
  3.47866302e+002 400. 3.57856110e+002 4.18563721e+002 3.68521240e+002
  4.37613800e+002 3.77903442e+002 4.55079956e+002 3.89026642e+002
  4.73860779e+002 398. 485. 413.</Path2D>
</opencv_storage>
