<?xml version="1.0"?>
<opencv_storage>
<Parameter>
  <Count>64</Count></Parameter>
<Path2D>
  132. 130. 1.45895416e+002 1.46686249e+002 1.56307983e+002
  1.68769974e+002 1.66197281e+002 1.90986435e+002 1.71550537e+002
  2.14752701e+002 1.78728638e+002 2.38185928e+002 183. 2.61914856e+002
  187. 2.85520966e+002 187. 3.10051453e+002 187. 3.34581940e+002 186.
  3.58876343e+002 1.76430283e+002 3.79569702e+002 1.59449677e+002 395.
  1.50506302e+002 3.72518921e+002 1.44271393e+002 3.48814178e+002
  1.37888306e+002 3.25218140e+002 137. 3.00750793e+002 137.
  2.76220306e+002 139. 2.52014389e+002 1.47136658e+002 2.29316711e+002
  1.54089020e+002 2.05821960e+002 1.65560272e+002 1.84159607e+002
  1.80127838e+002 1.65829544e+002 1.94431793e+002 1.46568207e+002
  2.16244308e+002 138. 2.37528915e+002 1.48423126e+002 2.57924103e+002
  1.61954453e+002 2.76695099e+002 1.77260132e+002 2.89447144e+002
  1.97894302e+002 2.99008698e+002 2.20026047e+002 3.07572296e+002
  2.42861435e+002 315. 2.66156433e+002 317. 2.90301758e+002
  3.17555450e+002 3.14777222e+002 318. 3.39263672e+002 315.
  3.62729645e+002 311. 3.86033356e+002 3.05736816e+002 3.79947266e+002
  2.95019226e+002 3.58032043e+002 2.89101715e+002 3.34610352e+002 285.
  3.10516296e+002 285. 2.85985809e+002 2.93031860e+002 2.62944214e+002
  3.02027863e+002 2.40402466e+002 3.09450653e+002 2.17098724e+002 313.
  1.93105240e+002 3.24935089e+002 1.72081146e+002 3.41084686e+002
  1.53784561e+002 3.58871521e+002 1.37128479e+002 3.80990295e+002 131.
  4.04271301e+002 1.36271286e+002 4.24953003e+002 1.47429520e+002
  4.41732056e+002 1.64732056e+002 4.51214783e+002 1.86644394e+002
  4.60061584e+002 2.09153931e+002 4.70075989e+002 2.31151962e+002
  4.77752380e+002 2.53628586e+002 4.84668823e+002 2.77006439e+002
  4.92725372e+002 2.99450745e+002 5.00091217e+002 3.22091217e+002 505.
  3.45092285e+002 5.12486267e+002 3.67972504e+002 521. 3.89194794e+002
  538. 404.</Path2D>
</opencv_storage>
