<?xml version="1.0"?>
<opencv_storage>
<Parameter>
  <Count>64</Count></Parameter>
<Path2D>
  194. 95. 2.04987701e+002 1.09316940e+002 2.15153946e+002
  1.24615807e+002 2.23146347e+002 1.41719513e+002 2.31687393e+002
  1.58531082e+002 2.38985062e+002 1.75955170e+002 2.45540115e+002
  1.93700592e+002 2.51658218e+002 2.11632858e+002 2.56315796e+002
  2.29947403e+002 2.62329773e+002 2.47989273e+002 2.69226563e+002
  2.65679688e+002 272. 2.84338623e+002 2.70938599e+002 3.03184174e+002
  2.65848175e+002 3.21455444e+002 2.61719208e+002 3.39842377e+002
  2.56060669e+002 3.57757355e+002 2.49605682e+002 3.75182922e+002
  2.41770203e+002 3.92114899e+002 2.30296661e+002 4.05838898e+002
  2.16140594e+002 4.17859406e+002 2.01022171e+002 4.28988922e+002 190.
  4.21981812e+002 1.86509277e+002 4.03527832e+002 1.83663315e+002
  3.84821594e+002 1.80031326e+002 3.66187988e+002 1.77344971e+002
  3.47379883e+002 1.75112701e+002 3.28563477e+002 1.76320160e+002
  3.09719360e+002 1.79867645e+002 2.91058807e+002 1.84079727e+002
  2.72521606e+002 1.87731689e+002 2.53878174e+002 1.90886566e+002
  2.35226883e+002 1.95106201e+002 2.16787613e+002 2.02216843e+002
  1.99204880e+002 2.06830933e+002 1.80760773e+002 2.13361633e+002
  1.62915100e+002 2.19945374e+002 1.45109238e+002 2.29979324e+002
  1.29347122e+002 2.40623047e+002 1.13961578e+002 2.53180817e+002
  9.98191833e+001 2.69120880e+002 9.12527390e+001 2.87352081e+002 87.
  3.06037720e+002 8.90251465e+001 3.23135010e+002 9.70450058e+001
  3.37600403e+002 1.08600395e+002 3.49873962e+002 1.22747894e+002
  3.60629150e+002 1.38354996e+002 3.72190491e+002 1.53380997e+002
  3.80954254e+002 1.69908478e+002 3.89172455e+002 1.86931152e+002
  3.95852966e+002 2.04558914e+002 4.04237823e+002 2.21475632e+002
  4.12202576e+002 2.38607712e+002 415. 2.57161011e+002 415.
  2.76178802e+002 4.16016052e+002 2.95096252e+002 4.19169189e+002
  3.13676697e+002 4.20264862e+002 3.32529694e+002 424. 3.50309448e+002
  4.22959991e+002 3.69160034e+002 420. 3.87661316e+002 420.
  4.06679108e+002 4.19325867e+002 4.25325867e+002 4.33999939e+002
  4.31999969e+002</Path2D>
</opencv_storage>
