<?xml version="1.0"?>
<opencv_storage>
<Parameter>
  <Count>64</Count></Parameter>
<Path2D>
  307. 100. 2.92997559e+002 98. 2.78522980e+002 98. 2.64254425e+002
  9.88727875e+001 2.53082733e+002 1.05917267e+002 2.42545563e+002
  1.15590828e+002 2.32377792e+002 1.25622215e+002 2.22404007e+002
  1.35595993e+002 2.12750076e+002 1.46249924e+002 2.02226791e+002
  1.55773209e+002 1.93062790e+002 1.66937210e+002 1.85072800e+002
  1.78781586e+002 1.79052719e+002 1.91420914e+002 173. 2.04336792e+002
  1.70884445e+002 2.18577805e+002 1.68077744e+002 2.32688995e+002
  1.71248505e+002 2.46745529e+002 1.75738129e+002 2.60476257e+002
  1.79401535e+002 2.74007629e+002 1.84548798e+002 2.87065063e+002
  1.91083084e+002 2.99860504e+002 1.99483688e+002 3.11225525e+002
  2.09049210e+002 3.22049194e+002 2.19703140e+002 3.31703125e+002
  2.31816223e+002 3.39408112e+002 2.44639755e+002 3.46093170e+002
  2.57200531e+002 3.53133667e+002 2.69782501e+002 3.59945618e+002
  2.82803345e+002 3.65321350e+002 2.95996643e+002 3.71166107e+002
  3.10075714e+002 3.74415131e+002 3.24388611e+002 3.76129547e+002
  3.38622925e+002 378. 3.53097504e+002 378. 3.67237000e+002 376.
  3.81275635e+002 3.73362183e+002 3.95073608e+002 3.69926392e+002
  4.06349609e+002 3.62650391e+002 4.16454041e+002 3.52545959e+002
  4.25766693e+002 3.41849976e+002 4.33870758e+002 3.30129242e+002
  4.41028076e+002 3.17971924e+002 4.48638397e+002 3.05723206e+002
  4.55499176e+002 2.93001648e+002 4.62359955e+002 2.80280090e+002
  4.68253571e+002 2.67119659e+002 473. 2.53948761e+002 475.
  2.39759567e+002 477. 2.25507111e+002 477. 2.11032532e+002 477.
  1.96557953e+002 477. 1.82083374e+002 4.76243835e+002 1.67731491e+002
  4.71736267e+002 1.54472549e+002 4.64739197e+002 1.42869598e+002
  4.53302155e+002 1.34302155e+002 4.40785065e+002 128. 4.29510437e+002
  1.19755226e+002 4.16788879e+002 1.12894440e+002 4.04440460e+002
  1.05440453e+002 3.92436798e+002 9.84367981e+001 3.78843903e+002
  9.44609756e+001 3.64824402e+002 92. 3.51000092e+002 90.</Path2D>
</opencv_storage>
