<?xml version="1.0"?>
<opencv_storage>
<Parameter>
  <Count>64</Count></Parameter>
<Path2D>
  196. 87. 1.99674438e+002 9.76977615e+001 204. 1.09435585e+002
  2.05572998e+002 1.21864952e+002 208. 1.34033539e+002 209.
  1.46480469e+002 210. 1.58966583e+002 2.12415680e+002 1.71247040e+002
  2.14457733e+002 1.83661865e+002 217. 1.95912766e+002 2.17690720e+002
  2.08453583e+002 219. 2.20933151e+002 219. 2.33542358e+002 219.
  2.46151566e+002 217. 2.58288635e+002 217. 2.70897858e+002 217.
  2.83507080e+002 217. 2.96116302e+002 216. 3.08489441e+002 214.
  3.20448364e+002 213. 3.32821503e+002 213. 3.45430725e+002 211.
  3.57211517e+002 2.08807541e+002 3.69096222e+002 2.05043808e+002
  3.79956177e+002 202. 3.90718811e+002 1.97474503e+002 3.79949005e+002
  1.94518768e+002 3.68037537e+002 1.92256805e+002 3.55770416e+002 192.
  3.43202881e+002 1.92668030e+002 3.30659821e+002 1.93707367e+002
  3.18170563e+002 195. 3.05720490e+002 1.95310501e+002 2.93136963e+002
  197. 2.80667572e+002 1.98689438e+002 2.68242249e+002 202.
  2.56118927e+002 2.04971100e+002 2.44057785e+002 2.08957855e+002
  2.32168549e+002 2.12630920e+002 2.20107224e+002 2.17702850e+002
  2.08594299e+002 2.24160843e+002 1.97839157e+002 2.30519409e+002
  1.87441788e+002 2.37956604e+002 1.77391190e+002 2.45323532e+002
  1.67450974e+002 2.54341171e+002 1.58658829e+002 2.63577087e+002
  1.50422928e+002 2.73516510e+002 1.42870880e+002 2.84067627e+002
  1.36449280e+002 2.94464661e+002 1.29535355e+002 3.05922455e+002
  1.24519386e+002 3.17705780e+002 1.20147118e+002 3.29205597e+002
  1.15196266e+002 3.40445923e+002 1.09777039e+002 3.51723938e+002
  1.04138023e+002 3.63774445e+002 1.00635880e+002 3.75292023e+002
  9.58247910e+001 3.86392700e+002 8.99643784e+001 3.97231659e+002
  8.35894470e+001 4.08977386e+002 80. 4.20172394e+002 78.
  4.32781616e+002 78. 4.45390839e+002 78. 458. 78.</Path2D>
</opencv_storage>
