<?xml version="1.0"?>
<opencv_storage>
<Parameter>
  <Count>64</Count></Parameter>
<Path2D>
  170. 101. 1.68655685e+002 1.17377274e+002 167. 1.33790009e+002 167.
  1.50445740e+002 167. 1.67101471e+002 167. 1.83757202e+002 169.
  2.00088379e+002 169. 2.16744110e+002 169. 2.33399841e+002
  1.70914932e+002 2.49744812e+002 175. 2.65338104e+002 1.79993073e+002
  2.80965393e+002 186. 2.96231384e+002 1.94982666e+002 3.09965332e+002
  2.04326401e+002 3.23326385e+002 2.18083328e+002 3.32541656e+002
  2.31965607e+002 3.40991394e+002 2.45874069e+002 3.49291351e+002
  2.62273102e+002 3.51712189e+002 2.78309784e+002 355. 2.94866486e+002
  356. 3.11522217e+002 356. 3.27120789e+002 3.50919464e+002
  3.41424835e+002 3.42575165e+002 3.54746613e+002 3.32602692e+002
  3.67140503e+002 3.21789246e+002 3.78516907e+002 3.10103882e+002
  3.88686584e+002 2.96976105e+002 4.00436920e+002 2.85259338e+002
  4.12528381e+002 2.73977295e+002 4.24716217e+002 2.62711700e+002
  4.34726776e+002 2.49409851e+002 4.43922546e+002 2.35693649e+002
  4.48462860e+002 2.19842834e+002 4.52561523e+002 2.03876984e+002
  4.57804199e+002 1.88174835e+002 461. 1.72263962e+002 462.
  1.55731339e+002 464. 1.39321823e+002 466. 1.23064438e+002 467.
  1.06570984e+002 466. 9.01513214e+001 4.54985748e+002 8.40213852e+001
  4.43417206e+002 9.51655960e+001 4.38992340e+002 1.11038345e+002
  4.34635254e+002 1.27094238e+002 4.31348450e+002 1.43257813e+002 428.
  1.59381668e+002 428. 1.76037399e+002 427. 1.92622055e+002 425.
  2.08918610e+002 425. 2.25574341e+002 424. 2.42067795e+002 423.
  2.58600433e+002 4.24041992e+002 2.75083984e+002 428. 2.90805359e+002
  4.31900421e+002 3.06800873e+002 4.38432068e+002 3.21648102e+002
  4.45625977e+002 3.36460632e+002 4.54416870e+002 3.50416870e+002
  4.64881104e+002 3.63321655e+002 4.76093781e+002 3.75475037e+002
  4.90066620e+002 3.84439972e+002 505. 390.</Path2D>
</opencv_storage>
