<?xml version="1.0"?>
<opencv_storage>
<Parameter>
  <Count>64</Count></Parameter>
<Path2D>
  169. 74. 1.79984680e+002 8.99846878e+001 1.91818329e+002
  1.06636658e+002 2.03420914e+002 1.23026138e+002 2.15741760e+002
  1.39322342e+002 225. 1.56553986e+002 2.36431870e+002 1.73118240e+002
  2.48714890e+002 1.89429779e+002 2.60615631e+002 2.05807816e+002
  2.71209442e+002 2.22104721e+002 2.82411224e+002 2.38616837e+002
  2.94238647e+002 2.55334106e+002 3.07168976e+002 2.71168976e+002
  3.22712433e+002 2.84356201e+002 3.37650574e+002 2.97650574e+002
  3.49843079e+002 3.13686188e+002 3.58158508e+002 3.32237793e+002 366.
  3.50363892e+002 3.78945465e+002 3.65918182e+002 3.93536255e+002
  3.79536255e+002 4.08940186e+002 3.92293457e+002 4.23930084e+002
  4.05930084e+002 4.38876465e+002 4.12247070e+002 4.42893677e+002
  3.92425323e+002 443. 3.71916870e+002 443. 3.51395325e+002
  4.43300690e+002 3.30895142e+002 4.46344971e+002 3.10620178e+002
  4.49604767e+002 2.90371460e+002 451. 2.70005737e+002 451.
  2.49484192e+002 451. 2.28962646e+002 453. 2.08765656e+002
  4.52128510e+002 1.88385529e+002 451. 1.68047119e+002 450.
  1.47624588e+002 4.48474792e+002 1.27424339e+002 447. 1.07142120e+002
  447. 8.66205750e+001 447. 6.60990295e+001 4.40175018e+002
  5.88249702e+001 4.24460938e+002 7.15390701e+001 4.11000397e+002
  8.69996185e+001 3.96777069e+002 1.01426750e+002 3.82679535e+002
  1.16320473e+002 3.68168610e+002 1.30831390e+002 3.52953613e+002
  1.44481598e+002 3.38013550e+002 1.58488708e+002 3.22868317e+002
  1.72131668e+002 3.10247253e+002 1.88190918e+002 2.96551025e+002
  2.03311218e+002 2.83741943e+002 2.19344086e+002 2.71088104e+002
  2.35494278e+002 2.57491180e+002 2.50678421e+002 2.45281113e+002
  2.67078308e+002 2.33472809e+002 2.83317963e+002 2.22367050e+002
  2.99632935e+002 2.08558563e+002 3.14662170e+002 1.96382767e+002
  3.30617249e+002 1.83400833e+002 3.45599182e+002 1.71000015e+002
  3.60999939e+002 1.59309372e+002 3.77381256e+002 1.47977036e+002
  3.94034454e+002 138. 4.10999969e+002</Path2D>
</opencv_storage>
