<?xml version="1.0"?>
<opencv_storage>
<Parameter>
  <Count>64</Count></Parameter>
<Path2D>
  179. 74. 1.83245926e+002 8.74918594e+001 1.91608017e+002
  1.00608017e+002 2.02122833e+002 1.12122833e+002 2.12582748e+002
  1.23582748e+002 2.23351425e+002 1.34351425e+002 2.31716858e+002
  1.47396072e+002 2.41080048e+002 1.60080048e+002 2.51727875e+002
  1.71727875e+002 2.62367218e+002 1.83367203e+002 2.71540161e+002
  1.96080322e+002 2.81239685e+002 2.08079895e+002 2.93538300e+002
  2.17630646e+002 3.05139923e+002 2.28279861e+002 3.15267975e+002
  2.39755997e+002 3.23413818e+002 2.33879272e+002 3.33303101e+002
  2.21696884e+002 3.44934601e+002 2.11065399e+002 3.55566101e+002
  1.99433914e+002 3.66809601e+002 1.88352325e+002 3.78095947e+002
  1.77380066e+002 3.89430634e+002 1.66569351e+002 4.00366364e+002
  1.55450470e+002 4.10999420e+002 1.44000443e+002 4.20905212e+002
  1.32094788e+002 4.31339447e+002 1.20321121e+002 4.41960297e+002
  1.09039688e+002 4.54806213e+002 1.00193787e+002 4.66592499e+002
  9.06112366e+001 4.78412933e+002 8.07935333e+001 4.90391754e+002
  7.12164993e+001 4.97015076e+002 6.74774017e+001 4.89782379e+002
  8.13264465e+001 4.81782898e+002 9.48256607e+001 4.75049896e+002
  1.08750465e+002 4.67362335e+002 1.22487892e+002 4.59670319e+002
  1.36216156e+002 4.50902008e+002 1.49317581e+002 4.41771332e+002
  1.62165894e+002 4.31825531e+002 1.74370209e+002 4.20889984e+002
  1.85637527e+002 4.10035522e+002 1.96964478e+002 4.00306580e+002
  2.09366776e+002 3.89375153e+002 2.20624847e+002 3.79370422e+002
  2.32629593e+002 3.69365662e+002 2.44634323e+002 3.59857300e+002
  2.57142700e+002 3.49753510e+002 2.69246490e+002 3.39106689e+002
  2.80839966e+002 3.29040802e+002 2.92949005e+002 3.18795380e+002
  3.04939484e+002 3.07740173e+002 3.16194855e+002 2.95248352e+002
  3.25834442e+002 2.83129089e+002 3.35870911e+002 2.72039276e+002
  3.46960724e+002 2.59988922e+002 3.57011078e+002 2.48537109e+002
  3.67641937e+002 2.36799896e+002 3.76400208e+002 2.26031601e+002
  3.86968384e+002 2.15121201e+002 3.97878784e+002 2.07184418e+002
  4.11446747e+002 1.97499924e+002 4.23250031e+002 1.87111572e+002
  4.33776855e+002 177. 4.43999878e+002</Path2D>
</opencv_storage>
