<?xml version="1.0"?>
<opencv_storage>
<Parameter>
  <Count>64</Count></Parameter>
<Path2D>
  153. 71. 1.73974915e+002 6.85041809e+001 1.95257401e+002
  6.51060867e+001 2.16418152e+002 6.18710785e+001 2.37886551e+002 60.
  2.59412018e+002 5.92760010e+001 2.80916290e+002 58. 3.02469543e+002
  58. 3.24022797e+002 58. 3.45576050e+002 58. 3.67087708e+002 59.
  3.88640961e+002 59. 4.10194214e+002 59. 4.31705872e+002 60.
  4.53259125e+002 60. 4.74812378e+002 60. 4.96365631e+002 60.
  5.17918884e+002 60. 5.11108459e+002 7.48644333e+001 4.97879364e+002
  9.17447739e+001 4.84796906e+002 1.08843712e+002 4.70935577e+002
  1.25290176e+002 4.55827698e+002 1.40576248e+002 4.41464081e+002
  1.56535904e+002 4.24817383e+002 1.70182617e+002 4.08675934e+002
  1.84324051e+002 3.92029236e+002 1.97970764e+002 3.75391357e+002
  2.11584503e+002 3.57261963e+002 2.23158676e+002 3.39649078e+002
  2.35567291e+002 3.22570526e+002 2.48691223e+002 3.05046204e+002
  2.61215332e+002 2.87572052e+002 2.73699585e+002 2.69439026e+002
  2.85280487e+002 2.51429077e+002 2.96828369e+002 2.34775070e+002
  3.10418701e+002 2.18584473e+002 3.24519409e+002 2.03901932e+002
  3.40098083e+002 1.87760483e+002 3.54239502e+002 1.71266357e+002
  3.67986908e+002 1.54527985e+002 3.81472015e+002 1.37821518e+002
  3.94883850e+002 1.21347794e+002 4.08489166e+002 1.04484749e+002
  4.21257629e+002 1.03789162e+002 4.27105408e+002 1.24269958e+002
  4.21208588e+002 1.45457153e+002 4.17869385e+002 1.66563126e+002
  4.13679596e+002 1.88003021e+002 412. 2.09556290e+002 412.
  2.31046707e+002 4.10579437e+002 2.52568283e+002 4.09802429e+002
  2.74090729e+002 409. 2.95643982e+002 409. 3.17197235e+002 409.
  3.38705139e+002 410. 3.60258392e+002 410. 3.81811646e+002 410.
  4.03346344e+002 4.09775604e+002 4.24835419e+002 409. 4.46388672e+002
  409. 4.67705872e+002 410. 4.89096863e+002 411. 509. 4.12000153e+002</Path2D>
</opencv_storage>
