<?xml version="1.0"?>
<opencv_storage>
<Parameter>
  <Count>64</Count></Parameter>
<Path2D>
  228. 19. 2.56183838e+002 37. 2.92017822e+002 4.88071327e+001 327.
  6.04533195e+001 3.61589905e+002 7.30599442e+001 3.94887451e+002 85.
  4.09888214e+002 93. 3.73584747e+002 101. 3.36126740e+002 106.
  2.98184082e+002 1.08203979e+002 2.61127350e+002 1.15218163e+002
  2.24383820e+002 1.24654045e+002 1.87043060e+002 1.31992828e+002
  1.49543823e+002 137. 1.12136688e+002 142. 7.68397293e+001 148.
  4.39582176e+001 155. 8.19858246e+001 154. 1.20076683e+002 155.
  1.58249329e+002 1.55208221e+002 1.96339767e+002 1.56477112e+002
  2.34421417e+002 158. 2.72128052e+002 1.61709351e+002 3.09965881e+002
  165. 3.48072998e+002 166. 3.86146759e+002 1.66715591e+002
  4.24290497e+002 167. 4.62409302e+002 168. 5.00500153e+002 169.
  5.38380676e+002 1.72672577e+002 5.51940002e+002 1.80529999e+002
  5.16396240e+002 1.93800827e+002 4.80630798e+002 2.06789734e+002
  4.45043121e+002 2.20582748e+002 4.09593079e+002 2.34602966e+002
  3.74535339e+002 2.49627716e+002 3.42385376e+002 2.69614624e+002
  3.12238892e+002 2.92608887e+002 2.82894379e+002 3.16863373e+002
  2.52674576e+002 3.39162720e+002 2.19589478e+002 3.57705261e+002
  1.86221985e+002 3.75778015e+002 1.53444275e+002 3.93777863e+002
  1.22187943e+002 413. 9.22933273e+001 4.35765350e+002 6.09538078e+001
  4.54682068e+002 6.90506516e+001 4.49559479e+002 9.55646362e+001
  4.22870728e+002 1.21500923e+002 3.96749542e+002 1.52970566e+002
  3.76014709e+002 1.82483658e+002 3.53516327e+002 2.10204361e+002
  3.29795654e+002 2.38931519e+002 3.07712311e+002 2.69516724e+002
  3.06206696e+002 3.04181396e+002 3.21590698e+002 3.40313080e+002
  3.33583588e+002 3.74355988e+002 3.50677979e+002 4.08338348e+002
  3.66446106e+002 4.41692719e+002 3.83692719e+002 4.76582855e+002
  3.97291412e+002 5.12344299e+002 4.09955505e+002 5.44366943e+002
  4.25366913e+002 5.74133240e+002 4.45133240e+002 604. 460.</Path2D>
</opencv_storage>
