<?xml version="1.0"?>
<opencv_storage>
<Parameter>
  <Count>64</Count></Parameter>
<Path2D>
  256. 16. 2.84943390e+002 32. 3.15911285e+002 4.63037605e+001
  3.47505615e+002 61. 3.79642029e+002 7.36420212e+001 3.93009277e+002
  8.29953690e+001 3.59239227e+002 91. 3.25087677e+002 1.00728081e+002
  2.90320343e+002 1.07839836e+002 2.56422058e+002 117. 2.22341141e+002
  1.25552956e+002 1.87016266e+002 130. 1.51719803e+002 1.34820053e+002
  1.16547157e+002 138. 8.21742096e+001 142. 5.74189377e+001 143.
  9.34263000e+001 143. 1.29334641e+002 144. 1.65259232e+002 145.
  2.01266586e+002 145. 2.37174927e+002 146. 2.73182281e+002 146.
  3.08830475e+002 144. 3.44676086e+002 1.42441299e+002 3.80197632e+002
  141. 4.16204987e+002 141. 4.52212341e+002 141. 4.88219696e+002 141.
  5.23990967e+002 142. 5.58889038e+002 1.45944504e+002 5.79574890e+002
  149. 5.43756775e+002 1.51060806e+002 5.08084564e+002 1.53978867e+002
  4.72687469e+002 1.58156265e+002 4.37770416e+002 1.65807404e+002
  4.02352936e+002 171. 3.66924377e+002 1.75679276e+002 3.33144409e+002
  186. 2.99838135e+002 1.97580933e+002 2.70398529e+002 2.13300735e+002
  2.40329391e+002 2.28835297e+002 2.10235260e+002 2.47764740e+002 187.
  2.73154205e+002 175. 3.05619812e+002 167. 3.39293640e+002
  1.71616882e+002 3.74467529e+002 1.87770142e+002 4.05540283e+002
  2.15510895e+002 4.26673920e+002 2.46611633e+002 4.43507263e+002
  2.80714081e+002 453. 3.16199982e+002 456. 3.51985229e+002 454.
  3.87759247e+002 452. 4.23163910e+002 4.47890717e+002 4.46991791e+002
  4.23024597e+002 457. 3.89899536e+002 460. 3.54271301e+002 453.
  3.19553436e+002 4.34781525e+002 2.89344604e+002 4.11601074e+002
  2.63601074e+002 3.80985504e+002 2.45869568e+002 3.48099304e+002 234.
  3.13830383e+002 2.24915192e+002 279. 219.</Path2D>
</opencv_storage>
