<?xml version="1.0"?>
<opencv_storage>
<Parameter>
  <Count>64</Count></Parameter>
<Path2D>
  243. 47. 243. 7.18671570e+001 243. 9.67343140e+001 243.
  1.21601471e+002 243. 1.46468628e+002 243. 1.71335785e+002 243.
  1.96202942e+002 243. 2.21070099e+002 242. 2.45774979e+002
  2.39254730e+002 2.70235809e+002 237. 2.94411346e+002 237.
  3.19278503e+002 234. 3.42673523e+002 2.32910568e+002 3.67089417e+002
  232. 3.82420593e+002 2.35591370e+002 3.59225891e+002 239.
  3.35059448e+002 243. 3.10876007e+002 244. 2.86244904e+002
  2.46865433e+002 2.62134552e+002 2.50681595e+002 2.37955200e+002 256.
  2.14133301e+002 2.61801025e+002 1.90596924e+002 2.75095917e+002
  1.70452042e+002 2.92341064e+002 1.54552979e+002 3.12034058e+002
  1.40655304e+002 3.34806732e+002 1.34596634e+002 3.55945679e+002 130.
  3.31891083e+002 133. 3.10809784e+002 1.43095108e+002 2.91155212e+002
  1.56689590e+002 2.75781952e+002 1.74827087e+002 268. 1.97433823e+002
  2.69956451e+002 2.21912918e+002 2.81572388e+002 2.42572403e+002
  3.01661316e+002 253. 3.24169983e+002 253. 3.38580811e+002
  2.33838409e+002 3.52166077e+002 2.13501740e+002 3.60232056e+002
  1.90303848e+002 362. 1.65797379e+002 363. 1.41092499e+002
  3.68372650e+002 1.17882065e+002 3.71714600e+002 9.35707855e+001
  3.71927582e+002 6.87827530e+001 3.66936615e+002 45. 362.
  2.68660488e+001 362. 5.17332077e+001 361. 7.64380875e+001 361.
  1.01305244e+002 361. 1.26172401e+002 361. 1.51039566e+002 360.
  1.75744446e+002 360. 2.00611603e+002 3.57480072e+002 2.25079666e+002
  356. 2.49651657e+002 356. 2.74518829e+002 356. 2.99385986e+002 358.
  3.23967773e+002 358. 3.48834930e+002 3.58412811e+002 3.73651276e+002
  3.63510651e+002 3.97531982e+002 366. 4.21847595e+002 3.70999969e+002
  4.44999969e+002</Path2D>
</opencv_storage>
