<?xml version="1.0"?>
<opencv_storage>
<Parameter>
  <Count>64</Count></Parameter>
<Path2D>
  127. 162. 1.47162292e+002 160. 1.68290314e+002 1.61145157e+002
  1.89486862e+002 162. 2.10885223e+002 162. 2.31860001e+002 165.
  2.52972977e+002 167. 2.74248230e+002 168. 2.94996307e+002 170. 311.
  1.77737808e+002 3.21094543e+002 1.95283630e+002 322. 2.16535049e+002
  3.16788574e+002 2.35211426e+002 3.03527039e+002 2.51472961e+002
  2.86019165e+002 2.63490417e+002 2.66771576e+002 2.71409485e+002
  2.46574158e+002 2.78141937e+002 2.26111740e+002 283. 2.05426987e+002
  2.86643250e+002 1.84496246e+002 2.89751862e+002 1.63762024e+002 292.
  1.42363663e+002 292. 1.37555984e+002 282. 1.55409622e+002
  2.72196777e+002 1.75651962e+002 2.65939209e+002 1.96705597e+002
  2.62823608e+002 2.17629318e+002 2.59580444e+002 2.38124588e+002
  2.55468857e+002 2.58529572e+002 251. 2.78941284e+002 2.46029358e+002
  2.98667267e+002 2.40332733e+002 3.17168427e+002 2.30831573e+002
  3.32290710e+002 2.18354645e+002 3.42316864e+002 2.00366272e+002
  3.50329712e+002 1.81340591e+002 3.54306824e+002 1.60772659e+002 358.
  1.39907303e+002 358. 1.18508949e+002 3.57086304e+002 9.72588654e+001
  354. 7.68652191e+001 350. 5.67674255e+001 349. 3.57832832e+001
  3.44863647e+002 16. 3.33368164e+002 2.98955421e+001 3.26058533e+002
  4.88829117e+001 321. 6.87308197e+001 319. 8.94788971e+001 319.
  1.10877251e+002 319. 1.32275604e+002 318. 1.53511688e+002 318.
  1.74910049e+002 317. 1.96146133e+002 316. 2.17308426e+002 315.
  2.38292572e+002 315. 2.59690918e+002 314. 2.81006500e+002
  3.13604645e+002 3.02372131e+002 313. 3.23720459e+002 3.14007080e+002
  3.45035339e+002 3.18938324e+002 3.65814972e+002 320. 3.87041046e+002
  321. 4.08203339e+002 321. 4.29601685e+002 321. 451.</Path2D>
</opencv_storage>
