<?xml version="1.0"?>
<opencv_storage>
<Parameter>
  <Count>64</Count></Parameter>
<Path2D>
  196. 153. 2.14197296e+002 152. 2.32808807e+002 152. 2.51420319e+002
  152. 2.69293060e+002 155. 2.87092010e+002 158. 3.05051605e+002
  1.62017212e+002 3.21018341e+002 169. 323. 1.86393784e+002 321.
  2.04646118e+002 3.14516266e+002 2.21451157e+002 3.05509186e+002
  2.37236237e+002 2.91781677e+002 2.49218323e+002 2.75820129e+002
  2.57589935e+002 2.59373810e+002 265. 2.42478088e+002 2.71260956e+002
  2.25341614e+002 276. 2.07342178e+002 2.78219269e+002 1.89256744e+002
  2.81247742e+002 1.71372864e+002 284. 1.67998383e+002 2.85500824e+002
  1.85519287e+002 2.80826904e+002 2.03674728e+002 2.77775085e+002
  2.21606216e+002 2.73797943e+002 2.38842712e+002 268. 2.54617889e+002
  2.58691071e+002 2.66119812e+002 2.44880188e+002 2.75056061e+002
  2.29775726e+002 2.85810852e+002 2.15792770e+002 2.94645142e+002
  2.00064545e+002 3.04387360e+002 1.84612625e+002 3.15254761e+002
  1.69745239e+002 3.22146637e+002 1.52706696e+002 327. 1.35019547e+002
  329. 1.16945358e+002 330. 9.84961319e+001 331. 8.00469055e+001 331.
  6.14354019e+001 331. 4.28238983e+001 3.29833008e+002 2.46660271e+001
  3.29686951e+002 3.10608654e+001 331. 4.93855019e+001 332.
  6.75827942e+001 332. 8.61942978e+001 332. 1.04805801e+002 331.
  1.23181236e+002 331. 1.41792740e+002 329. 1.60198380e+002 328.
  1.78573822e+002 325. 1.96624710e+002 325. 2.15236221e+002 324.
  2.33685455e+002 323. 2.52060898e+002 322. 2.70510132e+002 322.
  2.89121643e+002 322. 3.07733154e+002 321. 3.26182373e+002 321.
  3.44793884e+002 321. 3.63405396e+002 3.21901978e+002 3.81803986e+002
  323. 3.99978149e+002 323. 4.18589661e+002 325. 4.36802826e+002 326.
  455.</Path2D>
</opencv_storage>
