<?xml version="1.0"?>
<opencv_storage>
<Parameter>
  <Count>64</Count></Parameter>
<Path2D>
  138. 148. 1.62453400e+002 149. 1.85521393e+002 1.55260696e+002
  2.07435745e+002 1.62435745e+002 221. 1.79043976e+002 2.13268478e+002
  2.00731522e+002 1.99339127e+002 2.19830444e+002 1.80701431e+002
  2.35149292e+002 1.58467270e+002 2.45021820e+002 1.36210419e+002 255.
  1.13984894e+002 2.63007568e+002 1.22161667e+002 2.58946106e+002
  1.42979004e+002 2.48020996e+002 1.62418106e+002 2.34290939e+002
  1.81172470e+002 2.19241302e+002 1.93476563e+002 1.98093765e+002
  2.06316772e+002 1.77683228e+002 2.19343231e+002 1.57313553e+002
  2.29902771e+002 1.36291702e+002 2.40819000e+002 1.15362000e+002 250.
  9.34134827e+001 256. 7.14779663e+001 2.54063751e+002 84. 254.
  1.08512749e+002 255. 1.32853180e+002 255. 1.57429688e+002 256.
  1.81770126e+002 255. 2.06184341e+002 253. 2.30362503e+002 248.
  2.52929550e+002 248. 2.77506042e+002 248. 3.02082550e+002
  2.50556702e+002 3.00886597e+002 259. 2.77934326e+002 2.66032837e+002
  2.54917908e+002 2.76409760e+002 2.32770691e+002 2.83999329e+002
  2.10001968e+002 2.90438385e+002 1.86369629e+002 295. 1.62349533e+002
  3.00830811e+002 1.38922989e+002 3.08557434e+002 1.15885101e+002 317.
  9.36884766e+001 325. 7.24032440e+001 3.31019806e+002 4.99604073e+001
  336. 2.72497120e+001 339. 1.69125748e+001 3.39470886e+002
  4.14126587e+001 3.43091095e+002 6.51821899e+001 346. 8.90719910e+001
  346. 1.13648491e+002 346. 1.38224991e+002 346. 1.62801498e+002
  3.46819275e+002 1.87277145e+002 347. 2.11831390e+002 348.
  2.36171829e+002 3.51483551e+002 2.59483551e+002 352. 2.83846130e+002
  352. 3.08422638e+002 352. 3.32999146e+002 3.52916626e+002
  3.57499786e+002 3.54643982e+002 3.81575897e+002 357. 4.05862366e+002
  3.61678925e+002 4.28678925e+002 368. 450.</Path2D>
</opencv_storage>
