<?xml version="1.0"?>
<opencv_storage>
<Parameter>
  <Count>64</Count></Parameter>
<Path2D>
  12. 203. 2.25232563e+001 206. 3.44448586e+001 206. 4.63664589e+001
  206. 5.82880592e+001 206. 7.02096634e+001 206. 8.21312637e+001 206.
  9.40528641e+001 206. 1.05974464e+002 206. 1.17896065e+002 206.
  1.29817673e+002 206. 1.41739273e+002 206. 1.53660873e+002 206.
  1.65582474e+002 206. 1.77504074e+002 206. 1.89425674e+002 206.
  2.01347275e+002 206. 2.13032806e+002 205. 2.24954407e+002 205.
  2.36876007e+002 205. 2.48797607e+002 205. 2.60719208e+002 205.
  2.72640808e+002 205. 2.84237854e+002 207. 2.96159454e+002 207.
  3.08081055e+002 207. 3.20002655e+002 207. 3.31924255e+002 207.
  3.43845856e+002 207. 3.55767456e+002 207. 3.67611664e+002
  2.06064728e+002 3.79365631e+002 205. 3.91122284e+002 2.03411102e+002
  4.03014679e+002 203. 4.14936279e+002 203. 4.26857880e+002 203.
  4.38779480e+002 203. 4.50701080e+002 203. 4.62622681e+002 203.
  4.74324951e+002 2.00810715e+002 4.85871338e+002 1.98042892e+002
  4.97785980e+002 198. 5.09707581e+002 198. 5.21629211e+002 198.
  5.33550842e+002 198. 5.45310181e+002 199. 5.56403381e+002 201.
  5.68325012e+002 201. 5.80246643e+002 201. 5.92168274e+002 201.
  6.04063538e+002 2.00936447e+002 6.15422302e+002 2.00422318e+002 616.
  2.12104630e+002 615. 2.23790161e+002 615. 2.35711761e+002
  6.16177673e+002 2.47355347e+002 619. 2.58684479e+002 619.
  2.70606079e+002 621. 2.81699249e+002 621. 2.93620850e+002 622.
  3.05128235e+002 625. 3.15399567e+002 627. 3.26492737e+002 628. 338.</Path2D>
</opencv_storage>
