<?xml version="1.0"?>
<opencv_storage>
<Parameter>
  <Count>64</Count></Parameter>
<Path2D>
  43. 235.
  5.10636864e+001 235.
  5.86393661e+001 235.
  6.68096313e+001 235.
  7.49681854e+001 235.
  8.31941452e+001 235.
  9.14201050e+001 235.
  9.96460648e+001 235.
  1.07872025e+002 235.
  1.16097984e+002 235.
  1.24234528e+002 235.
  1.32269806e+002 235.
  1.40473450e+002 235.
  1.48644989e+002 235.
  1.56826736e+002 235.
  1.65037552e+002 235.
  1.73192108e+002 235.
  1.81208542e+002 235.
  1.89434509e+002 235.
  1.97653839e+002 235.
  2.05801346e+002 235.
  2.13966965e+002 235.
  2.22138092e+002 235.
  2.30304535e+002 235.
  2.38508011e+002 235.
  2.46654022e+002 235.
  2.54833527e+002 235.
  2.63059479e+002 235.
  2.71285431e+002 235.
  2.79511383e+002 235.
  2.87737335e+002 235.
  2.95963287e+002 235.
  3.04189240e+002 235.
  3.12411041e+002 235.
  3.20570099e+002 235.
  3.28796051e+002 235.
  3.37022003e+002 235.
  3.45247955e+002 235.
  3.53473907e+002 235.
  3.61699860e+002 235.
  3.69925812e+002 235.
  3.78151764e+002 235.
  3.86377716e+002 235.
  3.94603668e+002 235.
  4.02829620e+002 235.
  4.11055573e+002 235.
  4.19281525e+002 235.
  4.27507477e+002 235.
  4.35733429e+002 235.
  4.43959381e+002 235.
  4.52185333e+002 235.
  4.60411285e+002 235.
  4.68637238e+002 235.
  4.76863190e+002 235.
  4.85089142e+002 235.
  4.93305695e+002 235.
  5.01417969e+002 235.
  5.09643921e+002 235.
  5.17869873e+002 235.
  5.26095825e+002 235.
  5.34321777e+002 235.
  5.42547729e+002 235.
  5.50773682e+002 235.
  5.58999634e+002 235.
</Path2D>
</opencv_storage>
