<?xml version="1.0"?>
<opencv_storage>
<Parameter>
  <Count>64</Count></Parameter>
<Path2D>
  12. 20. 2.76297588e+001 22. 4.33467522e+001 2.37244587e+001
  5.90151787e+001 2.61127968e+001 7.46897202e+001 2.85379448e+001
  9.04984055e+001 2.93887119e+001 1.06173721e+002 3.18497677e+001
  1.22023689e+002 3.22248535e+001 1.37856720e+002 33. 1.53649124e+002
  3.45649147e+001 1.69295273e+002 3.71619110e+001 1.85039581e+002
  3.91854172e+001 2.00836533e+002 4.07596130e+001 2.16479645e+002 43.
  2.32355621e+002 43. 2.48189056e+002 4.35984383e+001 2.64036499e+002
  44. 2.79912476e+002 44. 2.95788452e+002 44. 3.11664429e+002 44.
  3.27540405e+002 44. 3.43416382e+002 44. 3.59277527e+002
  4.36435394e+001 3.75126740e+002 43. 3.90990387e+002 4.27281494e+001
  4.06801147e+002 4.12908058e+001 4.22663940e+002 41. 4.38539917e+002
  41. 4.54415894e+002 41. 4.70291870e+002 41. 4.86167847e+002 41.
  5.02043823e+002 41. 5.17796692e+002 42. 5.33672668e+002 42.
  5.49386353e+002 41. 5.64449768e+002 38. 5.80325745e+002 38. 592.
  4.22017136e+001 592. 5.80776825e+001 5.90856812e+002 7.38590393e+001
  588. 8.92789307e+001 586. 1.04830345e+002 585. 1.20623550e+002
  5.84509827e+002 1.36450974e+002 584. 1.52276459e+002 584.
  1.68152435e+002 5.85155396e+002 1.83776947e+002 587. 1.99486526e+002
  5.89412109e+002 2.15060394e+002 590. 2.30878159e+002 5.90182922e+002
  2.46731613e+002 5.92674255e+002 2.62393951e+002 593. 2.78249634e+002
  593. 2.94125610e+002 593. 3.10001587e+002 591. 3.25553009e+002 591.
  3.41428986e+002 590. 3.57142670e+002 590. 3.73018646e+002 590.
  3.88894623e+002 592. 4.04372253e+002 592. 4.20248230e+002 592.
  4.36124207e+002 592. 452.</Path2D>
</opencv_storage>
