<?xml version="1.0"?>
<opencv_storage>
<Parameter>
  <Count>64</Count></Parameter>
<Path2D>
  308. 26. 2.70397888e+002 2.93204250e+001 2.31254837e+002 30.
  1.92044495e+002 30. 1.52834152e+002 30. 1.13786087e+002 31.
  7.48370361e+001 33. 45. 4.35448799e+001 5.58207588e+001
  8.04622726e+001 59. 1.19259125e+002 57. 1.57997330e+002
  5.22721405e+001 1.96455719e+002 4.32217407e+001 2.34334778e+002
  3.70306129e+001 2.72785706e+002 34. 3.11713074e+002 35.
  3.50761139e+002 35. 3.89971497e+002 40. 4.28001495e+002
  5.97976265e+001 444. 9.88456955e+001 445. 1.37884781e+002
  4.44126404e+002 1.76835526e+002 448. 2.15883591e+002 449.
  2.54695587e+002 449. 2.93743652e+002 450. 3.21317474e+002
  4.32011871e+002 3.43639648e+002 4.00720673e+002 3.68467590e+002
  3.70798645e+002 3.92178162e+002 3.39821838e+002 4.10907166e+002
  3.05488068e+002 4.33429901e+002 2.73760101e+002 4.54982117e+002
  2.41526840e+002 4.73013855e+002 2.07150497e+002 4.97289307e+002
  1.76710693e+002 5.21952148e+002 1.46309814e+002 5.45166016e+002 116.
  5.65763367e+002 8.54733124e+001 5.88950195e+002 5.50497856e+001
  5.98710388e+002 28. 5.59500061e+002 28. 5.20289734e+002 28.
  4.81241669e+002 29. 4.42154419e+002 30. 4.02944061e+002 30.
  3.63969788e+002 29. 3.25280884e+002 26. 328. 6.21228638e+001 329.
  1.00875015e+002 3.24272522e+002 1.39683670e+002 319. 1.78365585e+002
  3.18337219e+002 2.17337219e+002 319. 2.56273041e+002 3.12341766e+002
  2.94405090e+002 3.05596161e+002 3.32826813e+002 301. 3.71198761e+002
  303. 4.10123718e+002 3.14456970e+002 4.39491394e+002 3.53468689e+002
  4.42466919e+002 3.92300659e+002 447. 4.31112671e+002 447.
  4.70323029e+002 447. 5.09311249e+002 449. 5.48114258e+002 450. 587.
  448.</Path2D>
</opencv_storage>
