<?xml version="1.0"?>
<opencv_storage>
<Parameter>
  <Count>64</Count></Parameter>
<Path2D>
  112. 62. 114. 8.26364441e+001 1.14849739e+002 1.04549210e+002
  1.18482147e+002 1.25964302e+002 122. 1.47371262e+002 125.
  1.69013428e+002 127. 1.90841965e+002 130. 2.12345184e+002 131.
  2.34296829e+002 131. 2.56347473e+002 131. 2.78398132e+002 128.
  3.00080658e+002 125. 3.21536072e+002 1.21177521e+002 3.42822479e+002
  123. 3.64401276e+002 125. 3.85979797e+002 1.34641037e+002
  4.02320526e+002 1.55103577e+002 4.10367859e+002 1.76473557e+002
  4.15589417e+002 1.97840561e+002 4.20806763e+002 2.19875229e+002 421.
  2.41925888e+002 421. 2.63976532e+002 421. 2.86007202e+002
  4.21400726e+002 3.08027985e+002 422. 3.30078644e+002 422.
  3.52129303e+002 422. 3.73860382e+002 4.24476746e+002 3.95702209e+002
  427. 4.17752869e+002 427. 4.38975098e+002 429. 4.61025757e+002 429.
  4.82870544e+002 431. 491. 4.17078796e+002 4.87949646e+002
  3.95647491e+002 4.82325317e+002 3.74463928e+002 4.77732758e+002
  3.53060486e+002 477. 3.31043060e+002 477. 3.08992401e+002
  4.78389618e+002 2.87136353e+002 479. 2.65171173e+002 4.71862579e+002
  2.44780121e+002 4.61497498e+002 2.25487549e+002 458. 2.03933807e+002
  458. 1.81883148e+002 4.55854980e+002 1.60129868e+002 4.50364563e+002
  1.38822830e+002 4.47394257e+002 1.17394264e+002 4.40725525e+002
  9.71765671e+001 439. 7.54797134e+001 4.21819824e+002 6.65456924e+001
  3.99973480e+002 64. 3.77922821e+002 64. 3.55872162e+002 64.
  3.33821503e+002 64. 3.11770844e+002 64. 2.89720184e+002 64.
  2.67669525e+002 64. 2.45618866e+002 64. 2.23568207e+002 64.
  2.01517548e+002 64. 1.79466888e+002 64. 1.57623001e+002
  6.28115044e+001 136. 61.</Path2D>
</opencv_storage>
