<?xml version="1.0"?>
<opencv_storage>
<Parameter>
  <Count>64</Count></Parameter>
<Path2D>
  111. 48. 113. 5.90284386e+001 113. 7.32929459e+001 113.
  8.75574493e+001 113. 1.01821953e+002 113. 1.16086456e+002 113.
  1.30350967e+002 113. 1.44615479e+002 113. 1.58879990e+002 113.
  1.73144501e+002 114. 1.87309982e+002 1.17510918e+002 2.01043671e+002
  1.20673241e+002 2.14692947e+002 1.25084785e+002 2.28254364e+002
  1.30232834e+002 2.41397018e+002 1.34012024e+002 2.55024033e+002
  1.37547318e+002 2.68641937e+002 1.41413361e+002 2.82297852e+002
  1.45578796e+002 2.95893982e+002 1.49360001e+002 3.09520050e+002
  1.54235855e+002 3.22707581e+002 1.61240753e+002 3.35067902e+002
  1.67365433e+002 3.47487244e+002 1.75124008e+002 3.59248016e+002
  1.83645798e+002 3.70516632e+002 1.95245285e+002 3.78537750e+002
  2.07153687e+002 3.86115265e+002 2.19458252e+002 3.93229126e+002
  2.32315628e+002 3.98828918e+002 2.46215851e+002 4.01887970e+002
  2.59893433e+002 4.05835022e+002 2.73875610e+002 408. 2.87544861e+002
  411. 3.01726593e+002 412. 3.15991089e+002 412. 3.30242493e+002
  4.11919159e+002 3.42745819e+002 4.05254181e+002 3.52144196e+002
  3.94783691e+002 3.60178436e+002 3.83026978e+002 3.68912781e+002
  3.71812012e+002 3.76964142e+002 3.60047791e+002 3.84281982e+002
  3.47872009e+002 3.88828735e+002 3.34399628e+002 3.95392151e+002
  3.21751648e+002 4.00781799e+002 3.08545471e+002 4.05114502e+002
  2.95328247e+002 4.12464142e+002 2.83150177e+002 4.19413757e+002
  2.70758759e+002 4.22672058e+002 2.56983826e+002 4.24804932e+002
  2.42975342e+002 4.29178589e+002 2.29642792e+002 432. 2.16044327e+002
  4.33184326e+002 2.01894089e+002 436. 1.88169220e+002 436.
  1.73904709e+002 4.36814880e+002 1.59740524e+002 4.38819305e+002
  1.45722778e+002 441. 1.31952652e+002 441. 1.17688148e+002 441.
  1.03423645e+002 443. 8.95574875e+001 443. 7.52929840e+001 444.
  6.12645454e+001 444. 4.70000381e+001</Path2D>
</opencv_storage>
