<?xml version="1.0"?>
<opencv_storage>
<Parameter>
  <Count>64</Count></Parameter>
<Path2D>
  253. 8. 2.39724762e+002 4.45504837e+001 2.25750504e+002
  8.14990005e+001 2.09675858e+002 1.17634483e+002 1.93187592e+002
  1.53531021e+002 1.74346985e+002 1.88306015e+002 1.54183319e+002
  2.22361145e+002 1.35497116e+002 2.57128601e+002 1.18485428e+002
  2.92786438e+002 9.72163620e+001 3.25567291e+002 7.76680756e+001
  3.58997894e+002 5.49464340e+001 3.90580353e+002 3.41854897e+001
  4.23443542e+002 1.38959875e+001 455. 1.69671841e+001 4.34098450e+002
  2.71789875e+001 3.96052521e+002 4.28151321e+001 3.60369720e+002
  6.06703415e+001 3.25994476e+002 8.22392807e+001 2.95880371e+002 103.
  2.68985168e+002 1.22168312e+002 3.02168304e+002 1.49508835e+002
  3.29508820e+002 1.81320938e+002 3.52320953e+002 2.07587677e+002
  3.78587677e+002 2.41322708e+002 398. 2.71370911e+002 4.17185455e+002
  3.03973206e+002 4.36986603e+002 326. 4.26468536e+002 3.38765198e+002
  3.89939178e+002 3.52370148e+002 3.53204437e+002 3.67586517e+002
  3.16826996e+002 3.82578400e+002 2.80264771e+002 3.94474243e+002
  2.42680405e+002 4.06950775e+002 2.05573853e+002 4.29730164e+002
  1.74269821e+002 4.42376984e+002 1.37434509e+002 4.58926697e+002
  1.03073318e+002 4.77643311e+002 6.96783447e+001 4.97817444e+002
  3.81825562e+001 5.07271851e+002 3.23042068e+001 4.92400421e+002
  6.87987213e+001 4.79126373e+002 1.03620926e+002 460. 1.36102432e+002
  455. 1.74084625e+002 4.43748322e+002 2.10377518e+002 4.36260651e+002
  2.48436020e+002 4.26799164e+002 2.86301239e+002 4.15376068e+002
  3.22623932e+002 4.07276398e+002 3.61085388e+002 3.99106964e+002
  3.99465118e+002 3.85622101e+002 4.34377899e+002 3.82041504e+002
  4.35792480e+002 3.87412567e+002 3.96762299e+002 394. 3.58216370e+002
  4.01191559e+002 3.20616882e+002 4.13456787e+002 2.83629639e+002
  4.33564056e+002 2.67564056e+002 4.66109833e+002 2.89739899e+002
  4.97771484e+002 3.13361969e+002 5.24847168e+002 3.41847168e+002
  5.51497437e+002 3.70994873e+002 5.80789246e+002 3.96894623e+002
  6.10566345e+002 4.20566345e+002 636. 447.</Path2D>
</opencv_storage>
