<?xml version="1.0"?>
<opencv_storage>
<Parameter>
  <Count>64</Count></Parameter>
<Path2D>
  544. 30. 545. 6.20218201e+001 546. 9.40436401e+001 550.
  1.25630981e+002 5.50943176e+002 1.57772766e+002 551. 1.90023651e+002
  554. 2.21660309e+002 555. 2.53682129e+002 557. 2.85467896e+002 557.
  3.17725800e+002 557. 3.49983704e+002 559. 3.81843262e+002 562.
  4.13036652e+002 561. 4.44294556e+002 5.48333923e+002 464.
  5.16076050e+002 464. 4.84135193e+002 4.66372955e+002 4.52175476e+002
  468. 4.19917572e+002 468. 3.87659668e+002 468. 3.55401764e+002 468.
  3.23238190e+002 4.68952362e+002 2.90985016e+002 469. 2.58727112e+002
  469. 2.26751755e+002 4.65917267e+002 1.94878784e+002 464.
  1.62620895e+002 464. 1.30525284e+002 463. 9.85527802e+001 461.
  6.67091064e+001 460. 3.44512177e+001 460. 3.86762276e+001
  4.44323761e+002 6.05204620e+001 4.21479523e+002 7.81219025e+001
  3.95878082e+002 9.89740906e+001 3.71631104e+002 1.17666336e+002
  3.46000488e+002 1.34567810e+002 3.19296570e+002 1.47622849e+002
  2.90471436e+002 1.64483780e+002 2.63516235e+002 1.79941956e+002
  2.36116074e+002 1.99244492e+002 2.11007355e+002 2.13270828e+002
  1.83187500e+002 2.26436737e+002 1.54689774e+002 2.36398666e+002
  1.25202660e+002 2.49155045e+002 9.75348663e+001 2.58370758e+002
  6.82584534e+001 2.69479248e+002 41. 2.83926422e+002 3.48528214e+001
  2.96406586e+002 6.28131714e+001 3.11853790e+002 9.05613937e+001
  3.29979797e+002 1.16979805e+002 3.49217743e+002 1.42217743e+002
  3.65161377e+002 1.69806808e+002 3.79155792e+002 1.98467346e+002
  3.95294678e+002 2.25953629e+002 413. 2.52426285e+002 4.29988831e+002
  2.78992554e+002 4.49916321e+002 3.01874512e+002 4.68860718e+002
  3.27860718e+002 4.89205353e+002 3.52273834e+002 5.07388794e+002
  3.78259186e+002 5.31453918e+002 3.98726959e+002 551. 4.22019897e+002
  567. 448.</Path2D>
</opencv_storage>
