<?xml version="1.0"?>
<opencv_storage>
<Parameter>
  <Count>64</Count></Parameter>
<Path2D>
  199. 31. 2.15844055e+002 4.12813530e+001 2.34476791e+002
  4.81846008e+001 2.53490311e+002 5.37115173e+001 2.72738434e+002
  5.87897415e+001 2.91731689e+002 6.46926727e+001 3.10640411e+002
  7.09019241e+001 3.28468567e+002 7.97584381e+001 3.47595947e+002
  8.53076248e+001 3.66643585e+002 9.11170120e+001 3.85414825e+002
  9.72074127e+001 4.04595612e+002 1.01848351e+002 4.23675262e+002
  1.07445877e+002 4.42701172e+002 1.12567062e+002 4.61490143e+002
  1.18490150e+002 4.47161804e+002 1.26096626e+002 4.27913818e+002
  1.31271545e+002 4.08758240e+002 1.36720383e+002 3.89578888e+002
  1.42105286e+002 3.70341675e+002 1.47280411e+002 3.51480255e+002
  1.53719925e+002 3.32210114e+002 1.58797668e+002 3.13161346e+002
  1.64612885e+002 2.93939606e+002 1.69864731e+002 2.74528290e+002
  1.74188690e+002 2.56019775e+002 1.81592087e+002 2.36733017e+002
  1.86306793e+002 2.17411728e+002 1.90196091e+002 1.97833313e+002
  1.92388901e+002 2.08423050e+002 1.97807678e+002 2.27650757e+002
  2.02706345e+002 2.47176071e+002 2.06470551e+002 2.66883545e+002
  2.09360443e+002 2.86700867e+002 2.11446732e+002 3.06391113e+002
  2.14278229e+002 3.26128082e+002 2.17018295e+002 3.45880951e+002
  2.19691879e+002 3.65402313e+002 2.23400665e+002 3.84988800e+002
  2.26865173e+002 4.04549561e+002 2.30504501e+002 4.23930573e+002
  2.34879166e+002 4.43133423e+002 2.39925034e+002 4.62250122e+002
  2.45500061e+002 4.80840057e+002 2.52420029e+002 4.99196381e+002
  2.59598206e+002 5.11657135e+002 2.68171417e+002 4.93572144e+002
  2.76456726e+002 4.74522583e+002 2.81850677e+002 4.56122559e+002
  2.89501099e+002 4.37853729e+002 2.97352509e+002 4.19584381e+002
  3.05207794e+002 4.01476593e+002 3.13507813e+002 3.83037262e+002
  3.20985107e+002 3.64656067e+002 3.28671967e+002 3.45892548e+002
  3.35232239e+002 3.26918976e+002 3.41040497e+002 3.08671570e+002
  3.48618347e+002 2.90348358e+002 3.56139801e+002 2.71358246e+002
  3.61811401e+002 2.51909012e+002 3.66040436e+002 2.33045883e+002
  3.71984711e+002 2.13781891e+002 3.76888306e+002 1.94910156e+002
  3.82696625e+002 178. 389.</Path2D>
</opencv_storage>
