<?xml version="1.0"?>
<opencv_storage>
<Parameter>
  <Count>64</Count></Parameter>
<Path2D>
  303. 19. 303. 3.78003654e+001 304. 5.61865158e+001 3.07263214e+002
  7.35263977e+001 311. 9.13850021e+001 312. 1.09949295e+002 312.
  1.28749664e+002 314. 1.46944473e+002 314. 1.65744843e+002 314.
  1.84545212e+002 314. 2.03345581e+002 314. 2.22145950e+002 314.
  2.40946320e+002 314. 2.59746674e+002 314. 2.78547028e+002 314.
  2.97347382e+002 314. 3.16147736e+002 314. 3.34948090e+002 314.
  3.53748444e+002 315. 3.72134583e+002 315. 3.90934937e+002 315.
  4.09735291e+002 315. 4.28535645e+002 315. 4.47335999e+002 310.
  4.58277863e+002 305. 4.42134338e+002 305. 4.23333984e+002 305.
  4.04533630e+002 305. 3.85733276e+002 305. 3.66932922e+002 305.
  3.48132568e+002 305. 3.29332214e+002 305. 3.10531860e+002 305.
  2.91731506e+002 306. 2.73167206e+002 309. 2.56781067e+002
  3.14215332e+002 2.39784668e+002 3.20295166e+002 2.24352417e+002
  3.37540192e+002 221. 3.55926331e+002 220. 3.74367523e+002 218.
  3.92931824e+002 217. 4.10667694e+002 214. 4.29231995e+002 213.
  4.47618134e+002 212. 4.66418488e+002 212. 4.78781158e+002 212.
  4.60143066e+002 213. 4.42184326e+002 216. 4.24314056e+002 220.
  4.06504395e+002 223. 3.88368774e+002 2.25543747e+002 3.69967010e+002
  228. 3.51816925e+002 230. 3.33252625e+002 231. 3.41133514e+002 232.
  3.58697815e+002 234. 3.76669739e+002 236. 3.94997955e+002 238.
  4.13798309e+002 238. 4.32598663e+002 238. 4.51399017e+002 238.
  4.70199371e+002 238. 4.88999725e+002 238.</Path2D>
</opencv_storage>
