<?xml version="1.0"?>
<opencv_storage>
<Parameter>
  <Count>64</Count></Parameter>
<Path2D>
  262. 10. 264. 3.28114052e+001 264. 5.60211563e+001 263.
  7.88166962e+001 262. 1.01790375e+002 261. 1.24585915e+002 257.
  1.46865555e+002 255. 1.69498810e+002 255. 1.92708557e+002 254.
  2.15682236e+002 2.52673660e+002 2.38652664e+002 251. 2.61467316e+002
  251. 2.84677063e+002 252. 3.07472595e+002 255. 3.29840729e+002 259.
  3.50400208e+002 259. 3.73609955e+002 262. 3.95933350e+002 262.
  4.19143097e+002 262. 4.42352844e+002 264. 4.36437408e+002 268.
  4.15218353e+002 270. 3.92406952e+002 273. 3.70083557e+002 275.
  3.48109863e+002 278. 3.25347778e+002 281. 3.03024384e+002 284.
  2.80514221e+002 286. 2.58132904e+002 288. 2.35282333e+002 290.
  2.12901016e+002 290. 1.89691269e+002 290. 1.66481522e+002
  2.92728241e+002 148. 3.15937988e+002 148. 3.39147736e+002 148.
  3.62357483e+002 148. 3.85235443e+002 1.50058853e+002 4.08329346e+002
  151. 4.31539093e+002 151. 4.54748840e+002 151. 4.56041412e+002 151.
  4.33993927e+002 153. 4.10784180e+002 153. 3.88565125e+002 156.
  3.66611206e+002 160. 3.43401459e+002 160. 3.20191711e+002 160.
  2.96981964e+002 160. 2.73772217e+002 160. 2.66352081e+002
  1.74704132e+002 267. 1.97760925e+002 269. 2.20320389e+002 270.
  2.42530136e+002 271. 2.65325684e+002 2.76119568e+002 2.83980072e+002
  2.99248199e+002 283. 3.22457947e+002 283. 3.45269348e+002 281.
  3.67947052e+002 2.78513245e+002 3.90931335e+002 277. 4.13979889e+002
  2.77993286e+002 4.37188538e+002 278. 459. 2.80999939e+002</Path2D>
</opencv_storage>
