<?xml version="1.0"?>
<opencv_storage>
<Parameter>
  <Count>64</Count></Parameter>
<Path2D>
  227. 11. 227. 4.35122108e+001 225. 7.62025681e+001 222.
  1.08592361e+002 2.23126434e+002 1.42252869e+002 226. 1.75144638e+002
  226. 2.09071060e+002 224. 2.42347198e+002 2.18866379e+002
  2.74267242e+002 217. 3.07753082e+002 217. 3.41679504e+002 216.
  3.75369873e+002 213. 4.07824158e+002 2.15859619e+002 4.40719238e+002
  220. 4.37044342e+002 2.20394485e+002 4.03211029e+002 221.
  3.69427551e+002 221. 3.35501129e+002 220. 3.01810760e+002 220.
  2.67884338e+002 220. 2.33957916e+002 222. 2.00390671e+002 228.
  1.68675156e+002 2.53422836e+002 159. 2.87349274e+002 159.
  3.20211212e+002 156. 3.54137634e+002 156. 3.88064056e+002 156.
  3.73633484e+002 1.59366531e+002 3.42024658e+002 166. 3.08098236e+002
  166. 2.74171814e+002 166. 2.40245392e+002 166. 239. 1.90552048e+002
  242. 2.22064255e+002 241. 2.55828400e+002 238. 2.88913208e+002
  2.65565125e+002 2.93788086e+002 2.97448639e+002 288. 3.31251953e+002
  287. 3.63467804e+002 2.83266083e+002 3.97331421e+002 283. 412.
  2.63156372e+002 409. 2.29864365e+002 409. 1.95937943e+002 410.
  1.62247589e+002 410. 1.28321167e+002 411. 9.45178528e+001 413.
  6.14198570e+001 410. 2.87360744e+001 405. 1.91808929e+001 405.
  5.31073151e+001 405. 8.70337372e+001 402. 1.20325745e+002 397.
  1.52789322e+002 393. 1.85488968e+002 393. 2.19415390e+002 393.
  2.53341812e+002 394. 2.87032166e+002 397. 3.20007050e+002 401.
  3.53136780e+002 4.06029480e+002 3.85735443e+002 412. 4.17471954e+002
  412. 451.</Path2D>
</opencv_storage>
