<?xml version="1.0"?>
<opencv_storage>
<Parameter>
  <Count>64</Count></Parameter>
<Path2D>
  107. 174. 1.33919342e+002 173. 1.62113937e+002 172. 1.90431625e+002
  172. 2.18749313e+002 172. 227. 1.90652802e+002 227. 2.18970490e+002
  227. 2.47288177e+002 2.16808334e+002 266. 1.88490646e+002 266.
  1.60172958e+002 266. 1.32431747e+002 264. 1.05885948e+002 264.
  1.33789429e+002 265. 1.62107117e+002 265. 1.89864182e+002 268.
  2.18181870e+002 268. 224. 2.45500443e+002 227. 2.17743378e+002 227.
  1.89425690e+002 229. 1.61580124e+002 230. 1.33424713e+002 230.
  1.05107018e+002 228. 7.80253906e+001 227. 7.58780899e+001 228.
  1.04033508e+002 229. 1.31936996e+002 230. 1.60018631e+002 230.
  1.88336319e+002 232. 2.16294846e+002 233. 2.44450256e+002 235.
  2.72443390e+002 235. 3.00761078e+002 235. 3.29078766e+002 235.
  3.57396454e+002 2.40108231e+002 3.65783539e+002 2.58231659e+002
  3.44536652e+002 2.66753967e+002 3.17984161e+002 274. 2.91398193e+002
  281. 2.64201172e+002 2.89426361e+002 2.38015549e+002 296.
  2.11206039e+002 3.00718536e+002 1.83562897e+002 3.05582703e+002
  1.56086517e+002 3.10538666e+002 1.28922668e+002 312. 1.00949951e+002
  313. 7.27553635e+001 3.14937805e+002 4.50621910e+001 319.
  2.17510319e+001 319. 5.00687256e+001 319. 7.83864212e+001 322.
  1.05305771e+002 324. 1.33225113e+002 324. 1.61542801e+002 323.
  1.89777740e+002 323. 2.18095428e+002 321. 2.45940994e+002 321.
  2.74258698e+002 321. 3.02576385e+002 323. 3.30317596e+002 326.
  3.58040039e+002 329. 3.85526794e+002 328. 4.13682220e+002 328.
  4.41999908e+002</Path2D>
</opencv_storage>
