<?xml version="1.0"?>
<opencv_storage>
<Parameter>
  <Count>64</Count></Parameter>
<Path2D>
  308. 77. 310. 1.00291786e+002 310. 1.24997787e+002 310.
  1.49703781e+002 310. 1.74409775e+002 310. 1.99115768e+002
  3.08182343e+002 2.23453003e+002 306. 2.46893341e+002 303.
  2.70964935e+002 3.14031219e+002 2.71937561e+002 3.22760895e+002
  2.49717316e+002 3.27544891e+002 2.26365311e+002 329. 2.01895447e+002
  330. 1.77288467e+002 330. 1.52582474e+002 330. 1.27876472e+002 330.
  1.03170471e+002 330. 7.84644699e+001 329. 6.92415314e+001 329.
  9.39475327e+001 329. 1.18653534e+002 330. 1.42945313e+002 332.
  1.66415237e+002 332. 1.91121231e+002 332. 2.15827225e+002 329.
  2.39720657e+002 323. 2.63018860e+002 3.11339630e+002 278.
  2.86633636e+002 278. 2.61927643e+002 278. 2.37221649e+002 278.
  2.12515656e+002 278. 1.87809662e+002 278. 1.63103668e+002 278.
  1.38397675e+002 278. 1.13691673e+002 278. 8.91087799e+001 279.
  6.48011246e+001 281. 4.00951271e+001 281. 3.16108723e+001 280.
  5.58447342e+001 278. 8.05507355e+001 278. 1.05256737e+002 278.
  1.29962738e+002 278. 1.54668732e+002 278. 1.79374725e+002 278.
  2.04080719e+002 278. 2.28786713e+002 278. 2.53492706e+002 278.
  2.78198700e+002 278. 3.02821930e+002 277. 3.27527924e+002 277.
  3.52233917e+002 277. 3.76939911e+002 277. 4.01645905e+002 277.
  4.26351898e+002 277. 4.51057892e+002 277. 4.75763885e+002 277.
  5.00469879e+002 277. 5.25175903e+002 277. 5.49881897e+002 277.
  5.74587891e+002 277. 5.99293884e+002 277. 6.23999878e+002 277.</Path2D>
</opencv_storage>
