<?xml version="1.0"?>
<opencv_storage>
<Parameter>
  <Count>64</Count></Parameter>
<Path2D>
  20. 178. 4.51527176e+001 181. 7.11156158e+001 1.82823120e+002
  9.66866226e+001 186. 1.22830040e+002 186. 1.48973465e+002 186.
  1.75116882e+002 186. 2.01260300e+002 186. 2.27403717e+002 186.
  2.53547134e+002 186. 2.79690552e+002 186. 3.05833984e+002 186.
  3.31977417e+002 186. 3.58120850e+002 186. 3.84264282e+002 186.
  4.10407715e+002 186. 4.36551147e+002 186. 4.62694580e+002 186.
  4.88838013e+002 186. 5.14981445e+002 186. 5.41124878e+002 186.
  5.67268311e+002 186. 5.93411743e+002 186. 6.14444824e+002 186.
  5.88630432e+002 1.83815201e+002 5.63110229e+002 1.79357834e+002
  5.37270935e+002 1.75878494e+002 5.11594635e+002 1.71648666e+002
  4.86165497e+002 168. 4.60022064e+002 168. 4.33878632e+002 168.
  4.07735199e+002 168. 3.82489868e+002 1.72170044e+002 3.57280518e+002
  176. 3.31461639e+002 178. 3.06149536e+002 182. 290. 1.88757813e+002
  292. 2.14324738e+002 292. 2.40468155e+002 292. 2.66611572e+002
  2.90812561e+002 2.92562286e+002 287. 3.18276794e+002 287.
  3.44420227e+002 287. 3.70563660e+002 287. 3.96707092e+002 291.
  4.20450043e+002 2.91757294e+002 3.94485382e+002 293. 3.68635315e+002
  2.91258179e+002 3.42774567e+002 291. 3.16673035e+002 291.
  2.90529602e+002 291. 2.64386169e+002 291. 2.38242752e+002 291.
  2.12099335e+002 2.98329315e+002 190. 302. 2.13058517e+002 305.
  2.38641312e+002 307. 2.64460175e+002 310. 2.90082153e+002 313.
  3.15161072e+002 314. 3.41068420e+002 316. 3.66606293e+002 317.
  3.92513641e+002 321. 417.</Path2D>
</opencv_storage>
