<?xml version="1.0"?>
<opencv_storage>
<Parameter>
  <Count>64</Count></Parameter>
<Path2D>
  12. 159. 4.62098618e+001 159. 8.04197235e+001 159. 1.14629585e+002
  159. 1.48839447e+002 159. 1.83049301e+002 159. 2.17259155e+002 159.
  2.51469009e+002 159. 2.85678864e+002 159. 3.19888733e+002 159.
  3.54098602e+002 159. 3.88308472e+002 159. 4.22518341e+002 159.
  4.56728210e+002 159. 4.90938080e+002 159. 5.25147949e+002 159.
  5.59357788e+002 159. 5.93567627e+002 159. 6.04222534e+002 159.
  5.70012695e+002 159. 5.35802856e+002 159. 5.01592987e+002 159.
  4.67383118e+002 159. 4.33173248e+002 159. 3.98963379e+002 159.
  3.64753510e+002 159. 3.30543640e+002 159. 2.96333771e+002 159.
  2.62321960e+002 161. 2.28112106e+002 161. 1.93902252e+002 161. 177.
  1.78307602e+002 180. 2.11883057e+002 180. 2.46092911e+002 178.
  2.80121002e+002 1.75791733e+002 3.13833099e+002 1.71079117e+002
  3.46841766e+002 169. 3.80204529e+002 1.72348816e+002 4.13697632e+002
  1.74686569e+002 4.09492523e+002 1.70322662e+002 3.75565338e+002 169.
  3.41424896e+002 169. 3.07215027e+002 1.71064270e+002 2.73146484e+002
  172. 2.39020996e+002 175. 2.05086060e+002 180. 1.72191452e+002
  1.98074142e+002 153. 2.32283997e+002 153. 2.66493866e+002 153.
  3.00703735e+002 153. 3.34913605e+002 153. 3.69123474e+002 153.
  4.03333344e+002 153. 4.37317993e+002 1.54829498e+002 4.71506866e+002
  155. 479. 1.83474091e+002 478. 2.17584930e+002 479. 2.51671692e+002
  479. 2.85881561e+002 477. 3.19830139e+002 471. 3.52519226e+002 478.
  3.84838837e+002 483. 417.</Path2D>
</opencv_storage>
