<?xml version="1.0"?>
<opencv_storage>
<Parameter>
  <Count>64</Count></Parameter>
<Path2D>
  316. 11. 316. 1.91234665e+001 316. 2.72469330e+001 317.
  3.51343307e+001 318. 4.30217285e+001 318. 5.11451950e+001 318.
  5.92686615e+001 3.19964233e+002 6.69284363e+001 320. 7.50434647e+001
  321. 8.29308624e+001 322. 9.06401138e+001 324. 9.73493652e+001 324.
  1.05472832e+002 324. 1.13596298e+002 324. 1.21719765e+002 324.
  1.29843231e+002 324. 1.37966705e+002 324. 1.46090179e+002
  3.22744995e+002 1.54019974e+002 322. 1.62051727e+002 3.21921661e+002
  1.70156693e+002 319. 1.77664230e+002 318. 1.85551636e+002 318.
  1.93675110e+002 318. 2.01798584e+002 318. 2.09922058e+002 318.
  2.18045532e+002 316. 2.25783829e+002 315. 2.33671234e+002 315.
  2.41794708e+002 315. 2.49918182e+002 315. 2.58041656e+002 315.
  2.66165131e+002 315. 2.74288605e+002 315. 2.82412079e+002 315.
  2.90535553e+002 315. 2.98659027e+002 315. 3.06782501e+002 315.
  3.14905975e+002 315. 3.23029449e+002 315. 3.31152924e+002 315.
  3.39276398e+002 315. 3.47399872e+002 315. 3.55523346e+002 315.
  3.63646820e+002 3.14873352e+002 3.71759796e+002 314. 3.79810974e+002
  314. 3.87934448e+002 311. 3.94815277e+002 3.11296844e+002
  4.02890564e+002 312. 4.10899933e+002 312. 4.19023407e+002 312.
  4.27146881e+002 3.13015320e+002 4.35030670e+002 314. 4.42921692e+002
  3.12170746e+002 4.49914612e+002 3.04067444e+002 450. 2.96106262e+002
  451. 2.87982788e+002 451. 2.80021606e+002 452. 2.71898132e+002 452.
  2.63774658e+002 452. 2.55887253e+002 453. 248. 452.</Path2D>
</opencv_storage>
